# Columns in the Table below represent:
#
# 1) Radius of the zone in units of one solar radius
# 2) Probability density of boron 8 neutrinos produced in neighborhood
#
# notes:
# the data was normalized by dividing for their original integral
# this was needed because Bahcall had a different interpretation
# he divided the fraction of Boro 8 neutrinos in equally spaced zones
#
# the zero point below was interpolated for the sake of completeness
 0.00000   2.8376404006e-03
 0.00041   1.1482317906e-02
 0.00082   3.3378263697e-02
 0.00123   5.5313248393e-02
 0.00164   8.5446403119e-02
 0.00205   1.2738882658e-01
 0.00246   1.7760261802e-01
 0.00287   2.3606337812e-01
 0.00328   3.0279550620e-01
 0.00369   3.7745741184e-01
 0.00410   4.6041508477e-01
 0.00451   5.5118053868e-01
 0.00492   6.4975377357e-01
 0.00533   7.5637878261e-01
 0.00574   8.7056757947e-01
 0.00615   9.9232016415e-01
 0.00656   1.1213925435e+00
 0.00697   1.2580287107e+00
 0.00738   1.4017406794e+00
 0.00779   1.5522844564e+00
 0.00820   1.7099040350e+00
 0.00861   1.8743554219e+00
 0.00902   2.0453946241e+00
 0.00943   2.2227776482e+00
 0.00984   2.4065044945e+00
 0.01025   2.5960871764e+00
 0.01066   2.7912817010e+00
 0.01107   2.9937960202e+00
 0.01148   3.1987502710e+00
 0.01189   3.4110243164e+00
 0.01230   3.6281782250e+00
 0.01270   3.8502119966e+00
 0.01311   4.0771256314e+00
 0.01352   4.3089191293e+00
 0.01393   4.5431525588e+00
 0.01434   4.7822658513e+00
 0.01475   5.0262590070e+00
 0.01516   5.2726920942e+00
 0.01557   5.5240050446e+00
 0.01598   5.7753179949e+00
 0.01639   6.0315108084e+00
 0.01680   6.2901435534e+00
 0.01721   6.5512162300e+00
 0.01762   6.8147288381e+00
 0.01803   7.0782414463e+00
 0.01844   7.3441939860e+00
 0.01885   7.6125864572e+00
 0.01926   7.8809789285e+00
 0.01967   8.1518113313e+00
 0.02008   8.4202038025e+00
 0.02049   8.6910362053e+00
 0.02090   8.9618686081e+00
 0.02131   9.2327010109e+00
 0.02172   9.5035334137e+00
 0.02213   9.7719258850e+00
 0.02254   1.0042758288e+01
 0.02295   1.0308710827e+01
 0.02336   1.0574663367e+01
 0.02377   1.0840615907e+01
 0.02418   1.1104128515e+01
 0.02459   1.1365201192e+01
 0.02500   1.1623833937e+01
 0.02541   1.1880026750e+01
 0.02582   1.2133779632e+01
 0.02623   1.2385092582e+01
 0.02664   1.2631525670e+01
 0.02705   1.2875518825e+01
 0.02746   1.3117072049e+01
 0.02787   1.3356185342e+01
 0.02828   1.3587978840e+01
 0.02869   1.3817332406e+01
 0.02910   1.4044246041e+01
 0.02951   1.4263839881e+01
 0.02992   1.4480993790e+01
 0.03033   1.4690827903e+01
 0.03074   1.4898222086e+01
 0.03115   1.5100736405e+01
 0.03156   1.5295930930e+01
 0.03197   1.5488685523e+01
 0.03238   1.5674120321e+01
 0.03279   1.5854675256e+01
 0.03320   1.6027910397e+01
 0.03361   1.6196265674e+01
 0.03402   1.6359741088e+01
 0.03443   1.6518336640e+01
 0.03484   1.6667172464e+01
 0.03525   1.6813568358e+01
 0.03566   1.6950204525e+01
 0.03607   1.7084400761e+01
 0.03648   1.7208837270e+01
 0.03689   1.7328393916e+01
 0.03730   1.7440630768e+01
 0.03770   1.7547987756e+01
 0.03811   1.7648024950e+01
 0.03852   1.7743182281e+01
 0.03893   1.7828579886e+01
 0.03934   1.7909097627e+01
 0.03975   1.7982295574e+01
 0.04016   1.8050613657e+01
 0.04057   1.8111611946e+01
 0.04098   1.8165290440e+01
 0.04139   1.8211649140e+01
 0.04180   1.8253127976e+01
 0.04221   1.8287287018e+01
 0.04262   1.8314126265e+01
 0.04303   1.8336085649e+01
 0.04344   1.8350725239e+01
 0.04385   1.8360484965e+01
 0.04426   1.8360484965e+01
 0.04467   1.8358045033e+01
 0.04508   1.8348285307e+01
 0.04549   1.8331205786e+01
 0.04590   1.8311686334e+01
 0.04631   1.8282407155e+01
 0.04672   1.8248248113e+01
 0.04713   1.8209209208e+01
 0.04754   1.8162850509e+01
 0.04795   1.8111611946e+01
 0.04836   1.8053053589e+01
 0.04877   1.7992055300e+01
 0.04918   1.7926177148e+01
 0.04959   1.7852979201e+01
 0.05000   1.7774901391e+01
 0.05041   1.7691943718e+01
 0.05082   1.7606546114e+01
 0.05123   1.7513828715e+01
 0.05164   1.7416231452e+01
 0.05205   1.7316194259e+01
 0.05246   1.7211277202e+01
 0.05287   1.7101480282e+01
 0.05328   1.6986803498e+01
 0.05369   1.6869686784e+01
 0.05410   1.6750130137e+01
 0.05451   1.6623253696e+01
 0.05492   1.6496377256e+01
 0.05533   1.6362181020e+01
 0.05574   1.6227984784e+01
 0.05615   1.6088908686e+01
 0.05656   1.5947392655e+01
 0.05697   1.5803436693e+01
 0.05738   1.5657040800e+01
 0.05779   1.5505765043e+01
 0.05820   1.5352049355e+01
 0.05861   1.5198333667e+01
 0.05902   1.5039738116e+01
 0.05943   1.4881142565e+01
 0.05984   1.4720107082e+01
 0.06025   1.4556631668e+01
 0.06066   1.4393156254e+01
 0.06107   1.4224800976e+01
 0.06148   1.4058885630e+01
 0.06189   1.3888090421e+01
 0.06230   1.3717295212e+01
 0.06270   1.3546500003e+01
 0.06311   1.3373264863e+01
 0.06352   1.3200029722e+01
 0.06393   1.3026794582e+01
 0.06434   1.2851119510e+01
 0.06475   1.2675444438e+01
 0.06516   1.2499769365e+01
 0.06557   1.2324094293e+01
 0.06598   1.2145979290e+01
 0.06639   1.1970304218e+01
 0.06680   1.1794629146e+01
 0.06721   1.1616514142e+01
 0.06762   1.1440839070e+01
 0.06803   1.1262724066e+01
 0.06844   1.1087048994e+01
 0.06885   1.0911373922e+01
 0.06926   1.0738138781e+01
 0.06967   1.0562463709e+01
 0.07008   1.0389228569e+01
 0.07049   1.0215993428e+01
 0.07090   1.0042758288e+01
 0.07131   9.8719630788e+00
 0.07172   9.7011678698e+00
 0.07213   9.5328125924e+00
 0.07254   9.3644573150e+00
 0.07295   9.1961020376e+00
 0.07336   9.0301866917e+00
 0.07377   8.8642713458e+00
 0.07418   8.7007959315e+00
 0.07459   8.5397604488e+00
 0.07500   8.3787249660e+00
 0.07541   8.2201294148e+00
 0.07582   8.0615338637e+00
 0.07623   7.9053782440e+00
 0.07664   7.7492226244e+00
 0.07705   7.5979468679e+00
 0.07746   7.4442311798e+00
 0.07787   7.2953953548e+00
 0.07828   7.1465595299e+00
 0.07869   7.0001636364e+00
 0.07910   6.8562076746e+00
 0.07951   6.7122517127e+00
 0.07992   6.5731756140e+00
 0.08033   6.4340995153e+00
 0.08074   6.2950234165e+00
 0.08115   6.1608271809e+00
 0.08156   6.0266309453e+00
 0.08197   5.8948746412e+00
 0.08238   5.7655582687e+00
 0.08279   5.6362418962e+00
 0.08320   5.5093654552e+00
 0.08361   5.3849289459e+00
 0.08402   5.2629323680e+00
 0.08443   5.1433757217e+00
 0.08484   5.0238190754e+00
 0.08525   4.9091422923e+00
 0.08566   4.7944655091e+00
 0.08607   4.6797887259e+00
 0.08648   4.5699918059e+00
 0.08689   4.4601948858e+00
 0.08730   4.3528378973e+00
 0.08770   4.2479208404e+00
 0.08811   4.1454437150e+00
 0.08852   4.0454065212e+00
 0.08893   3.9453693273e+00
 0.08934   3.8477720651e+00
 0.08975   3.7501748028e+00
 0.09016   3.6574574036e+00
 0.09057   3.5647400045e+00
 0.09098   3.4744625369e+00
 0.09139   3.3866250008e+00
 0.09180   3.2987874648e+00
 0.09221   3.2133898603e+00
 0.09262   3.1304321874e+00
 0.09303   3.0499144460e+00
 0.09344   2.9693967046e+00
 0.09385   2.8913188948e+00
 0.09426   2.8132410850e+00
 0.09467   2.7400431383e+00
 0.09508   2.6668451916e+00
 0.09549   2.5936472449e+00
 0.09590   2.5253291613e+00
 0.09631   2.4545711461e+00
 0.09672   2.3884490009e+00
 0.09713   2.3230588352e+00
 0.09754   2.2588886353e+00
 0.09795   2.1964263874e+00
 0.09836   2.1351841054e+00
 0.09877   2.0754057822e+00
 0.09918   2.0170914180e+00
 0.09959   1.9602410127e+00
 0.10000   1.9046105732e+00
 0.10041   1.8502000995e+00
 0.10082   1.7974975779e+00
 0.10123   1.7457710289e+00
 0.10164   1.6952644457e+00
 0.10205   1.6462218214e+00
 0.10246   1.5983991629e+00
 0.10287   1.5515524770e+00
 0.10328   1.5059257569e+00
 0.10369   1.4615190025e+00
 0.10410   1.4183322140e+00
 0.10451   1.3761213980e+00
 0.10492   1.3351305479e+00
 0.10533   1.2951156703e+00
 0.10574   1.2563207586e+00
 0.10615   1.2182578263e+00
 0.10656   1.1814148598e+00
 0.10697   1.1455478659e+00
 0.10738   1.1106568447e+00
 0.10779   1.0764978029e+00
 0.10820   1.0433147337e+00
 0.10861   1.0113516303e+00
 0.10902   9.7987651321e-01
 0.10943   9.4937736875e-01
 0.10984   9.1985419691e-01
 0.11025   8.9106300454e-01
 0.11066   8.6300379164e-01
 0.11107   8.3592055136e-01
 0.11148   8.0956929055e-01
 0.11189   7.8370601604e-01
 0.11230   7.5881871416e-01
 0.11270   7.3466339175e-01
 0.11311   7.1099605565e-01
 0.11352   6.8830469217e-01
 0.11393   6.6610131501e-01
 0.11434   6.4438592415e-01
 0.11475   6.2364650592e-01
 0.11516   6.0315108084e-01
 0.11557   5.8363162839e-01
 0.11598   5.6435616909e-01
 0.11639   5.4581268926e-01
 0.11680   5.2800118889e-01
 0.11721   5.1043368168e-01
 0.11762   4.9359815394e-01
 0.11803   4.7725061251e-01
 0.11844   4.6114706423e-01
 0.11885   4.4577549543e-01
 0.11926   4.3089191293e-01
 0.11967   4.1649631675e-01
 0.12008   4.0234471372e-01
 0.12049   3.8868109700e-01
 0.12090   3.7550546659e-01
 0.12131   3.6281782250e-01
 0.12172   3.5037417156e-01
 0.12213   3.3841850693e-01
 0.12254   3.2695082861e-01
 0.12295   3.1572714345e-01
 0.12336   3.0474745144e-01
 0.12377   2.9425574575e-01
 0.12418   2.8400803321e-01
 0.12459   2.7424830698e-01
 0.12500   2.6473257391e-01
 0.12541   2.5546083400e-01
 0.12582   2.4667708039e-01
 0.12623   2.3791772610e-01
 0.12664   2.2957316018e-01
 0.12705   2.2149698673e-01
 0.12746   2.1366480643e-01
 0.12787   2.0612541792e-01
 0.12828   1.9880562325e-01
 0.12869   1.9172982173e-01
 0.12910   1.8492241269e-01
 0.12951   1.7831019817e-01
 0.12992   1.7194197681e-01
 0.13033   1.6576894997e-01
 0.13074   1.5981551697e-01
 0.13115   1.5405727850e-01
 0.13156   1.4849423455e-01
 0.13197   1.4312638512e-01
 0.13238   1.3795373022e-01
 0.13279   1.3292747121e-01
 0.13320   1.2809640673e-01
 0.13361   1.2341173814e-01
 0.13402   1.1889786476e-01
 0.13443   1.1455478659e-01
 0.13484   1.1035810431e-01
 0.13525   1.0628341861e-01
 0.13566   1.0237952812e-01
 0.13607   9.8597634210e-02
 0.13648   9.4937736875e-02
 0.13689   9.1424235433e-02
 0.13730   8.8032730569e-02
 0.13770   8.4763222283e-02
 0.13811   8.1591311259e-02
 0.13852   7.8541396813e-02
 0.13893   7.5613478945e-02
 0.13934   7.2783158339e-02
 0.13975   7.0050434996e-02
 0.14016   6.7415308914e-02
 0.14057   6.4877780095e-02
 0.14098   6.2413449223e-02
 0.14139   6.0071114928e-02
 0.14180   5.7777579265e-02
 0.14221   5.5581640864e-02
 0.14262   5.3483299725e-02
 0.14303   5.1433757217e-02
 0.14344   4.9481811972e-02
 0.14385   4.7578665358e-02
 0.14426   4.5773116006e-02
 0.14467   4.4016365285e-02
 0.14508   4.2308413195e-02
 0.14549   4.0698058367e-02
 0.14590   3.9112102855e-02
 0.14631   3.7623744606e-02
 0.14672   3.6159785672e-02
 0.14713   3.4769024684e-02
 0.14754   3.3402663013e-02
 0.14795   3.2109499287e-02
 0.14836   3.0865134193e-02
 0.14877   2.9669567731e-02
 0.14918   2.8498400583e-02
 0.14959   2.7400431383e-02
 0.15000   2.6326861498e-02
 0.15041   2.5277690928e-02
 0.15082   2.4296838443e-02
 0.15123   2.3340385272e-02
 0.15164   2.2422971007e-02
 0.15205   2.1539715783e-02
 0.15246   2.0690619602e-02
 0.15287   1.9873242530e-02
 0.15328   1.9085144637e-02
 0.15369   1.8331205786e-02
 0.15410   1.7601666251e-02
 0.15451   1.6903845825e-02
 0.15492   1.6230424716e-02
 0.15533   1.5583842853e-02
 0.15574   1.4964100238e-02
 0.15615   1.4366317006e-02
 0.15656   1.3790493159e-02
 0.15697   1.3239068627e-02
 0.15738   1.2709603479e-02
 0.15779   1.2199657784e-02
 0.15820   1.1709231541e-02
 0.15861   1.1238324751e-02
 0.15902   1.0786937413e-02
 0.15943   1.0352629595e-02
 0.15984   9.9329613677e-03
 0.16025   9.5328125924e-03
 0.16066   9.1473034064e-03
 0.16107   8.7764338098e-03
 0.16148   8.4226437341e-03
 0.16189   8.0810533161e-03
 0.16230   7.7516625559e-03
 0.16270   7.4369113851e-03
 0.16311   7.1343598721e-03
 0.16352   6.8440080168e-03
 0.16393   6.5658558193e-03
 0.16434   6.2974633481e-03
 0.16475   6.0388306031e-03
 0.16516   5.7923975158e-03
 0.16557   5.5557241548e-03
 0.16598   5.3263705885e-03
 0.16639   5.1092166799e-03
 0.16680   4.8993825660e-03
 0.16721   4.6968682468e-03
 0.16762   4.5041136538e-03
 0.16803   4.3186788555e-03
 0.16844   4.1405638519e-03
 0.16885   3.9697686429e-03
 0.16926   3.8062932286e-03
 0.16967   3.6501376090e-03
 0.17008   3.4988618524e-03
 0.17049   3.3524659590e-03
 0.17090   3.2133898603e-03
 0.17131   3.0816335562e-03
 0.17172   2.9523171837e-03
 0.17213   2.8303206059e-03
 0.17254   2.7132038912e-03
 0.17295   2.6009670395e-03
 0.17336   2.4911701195e-03
 0.17377   2.3877170215e-03
 0.17418   2.2881678140e-03
 0.17459   2.1925224969e-03
 0.17500   2.1010250636e-03
 0.17541   2.0131875275e-03
 0.17582   1.9290098888e-03
 0.17623   1.8482481543e-03
 0.17664   1.7706583308e-03
 0.17705   1.6964844114e-03
 0.17746   1.6252384100e-03
 0.17787   1.5569203264e-03
 0.17828   1.4915301607e-03
 0.17869   1.4288239197e-03
 0.17910   1.3685576102e-03
 0.17951   1.3109752255e-03
 0.17992   1.2555887791e-03
 0.18033   1.2026422643e-03
 0.18074   1.1518916880e-03
 0.18115   1.1030930568e-03
 0.18156   1.0564903641e-03
 0.18197   1.0118396166e-03
 0.18238   9.6889682120e-04
 0.18279   9.2790597105e-04
 0.18320   8.8862307299e-04
 0.18361   8.5080413386e-04
 0.18402   8.1469314681e-04
 0.18443   7.8004611871e-04
 0.18484   7.4686304954e-04
 0.18525   7.1514393930e-04
 0.18566   6.8464479484e-04
 0.18607   6.5536561616e-04
 0.18648   6.2755039641e-04
 0.18689   6.0071114928e-04
 0.18730   5.7509186794e-04
 0.18770   5.5044855921e-04
 0.18811   5.2702521627e-04
 0.18852   5.0457784595e-04
 0.18893   4.8286245509e-04
 0.18934   4.6236703001e-04
 0.18975   4.4235959125e-04
 0.19016   4.2332812510e-04
 0.19057   4.0527263158e-04
 0.19098   3.8794911753e-04
 0.19139   3.7111358979e-04
 0.19180   3.5525403467e-04
 0.19221   3.3988246586e-04
 0.19262   3.2524287652e-04
 0.19303   3.1133526665e-04
 0.19344   2.9791564308e-04
 0.19385   2.8522799899e-04
 0.19426   2.7278434805e-04
 0.19467   2.6107267658e-04
 0.19508   2.4984899142e-04
 0.19549   2.3896689667e-04
 0.19590   2.2867038550e-04
 0.19631   2.1876426338e-04
 0.19672   2.0929732894e-04
 0.19713   2.0024518287e-04
 0.19754   1.9155902652e-04
 0.19795   1.8328765855e-04
 0.19836   1.7533348167e-04
 0.19877   1.6772089521e-04
 0.19918   1.6044989917e-04
 0.19959   1.5347169492e-04
 0.20000   1.4681068177e-04
 0.20041   1.4044246041e-04
 0.20082   1.3434263152e-04
 0.20123   1.2848679578e-04
 0.20164   1.2289935252e-04
 0.20205   1.1755590241e-04
 0.20246   1.1243204614e-04
 0.20287   1.0752778371e-04
 0.20328   1.0284311512e-04
 0.20369   9.8353641054e-05
 0.20410   9.4083760830e-05
 0.20451   8.9960276499e-05
 0.20492   8.6031986693e-05
 0.20533   8.2274492095e-05
 0.20574   7.8687792707e-05
 0.20615   7.5247489212e-05
 0.20656   7.1953581610e-05
 0.20697   6.8806069902e-05
 0.20738   6.5804954087e-05
 0.20779   6.2901435534e-05
 0.20820   6.0168712191e-05
 0.20861   5.7533586109e-05
 0.20902   5.4996057290e-05
 0.20943   5.2580525049e-05
 0.20984   5.0286989386e-05
 0.21025   4.8066651669e-05
 0.21066   4.5968310530e-05
 0.21107   4.3943167338e-05
 0.21148   4.2015621408e-05
 0.21189   4.0161273425e-05
 0.21230   3.8404522704e-05
 0.21270   3.6720969930e-05
 0.21311   3.5110615102e-05
 0.21352   3.3549058906e-05
 0.21393   3.2085099972e-05
 0.21434   3.0669939669e-05
 0.21475   2.9327977313e-05
 0.21516   2.8034813588e-05
 0.21557   2.6790448494e-05
 0.21598   2.5619281346e-05
 0.21639   2.4472513515e-05
 0.21680   2.3401383561e-05
 0.21721   2.2374172376e-05
 0.21762   2.1386000095e-05
 0.21803   2.0439306651e-05
 0.21844   1.9536531975e-05
 0.21885   1.8677676067e-05
 0.21926   1.7850539270e-05
 0.21967   1.7060001445e-05
 0.22008   1.6308502526e-05
 0.22049   1.5588722716e-05
 0.22090   1.4898222086e-05
 0.22131   1.4237000634e-05
 0.22172   1.3609938224e-05
 0.22213   1.3007275129e-05
 0.22254   1.2431451282e-05
 0.22295   1.1887346545e-05
 0.22336   1.1362761260e-05
 0.22377   1.0860135359e-05
 0.22418   1.0377028911e-05
 0.22459   9.9134419153e-06
 0.22500   9.4718143035e-06
 0.22541   9.0545860073e-06
 0.22582   8.6544372320e-06
 0.22623   8.2689280460e-06
 0.22664   7.9004983809e-06
 0.22705   7.5515881683e-06
 0.22746   7.2173175450e-06
 0.22787   6.8976865111e-06
 0.22828   6.5902551349e-06
 0.22869   6.2974633481e-06
 0.22910   6.0193111506e-06
 0.22951   5.7533586109e-06
 0.22992   5.4971657975e-06
 0.23033   5.2507327102e-06
 0.23074   5.0189392123e-06
 0.23115   4.7969054407e-06
 0.23156   4.5846313952e-06
 0.23197   4.3796771445e-06
 0.23238   4.1844826199e-06
 0.23279   3.9990478216e-06
 0.23320   3.8233727495e-06
 0.23361   3.6525775405e-06
 0.23402   3.4891021262e-06
 0.23443   3.3353864381e-06
 0.23484   3.1865506132e-06
 0.23525   3.0450345829e-06
 0.23566   2.9083984157e-06
 0.23607   2.7815219747e-06
 0.23648   2.6570854654e-06
 0.23689   2.5399687506e-06
 0.23730   2.4260239469e-06
 0.23770   2.3186669584e-06
 0.23811   2.2154578536e-06
 0.23852   2.1168846187e-06
 0.23893   2.0227032606e-06
 0.23934   1.9331577725e-06
 0.23975   1.8472721817e-06
 0.24016   1.7650464882e-06
 0.24057   1.6864806921e-06
 0.24098   1.6120627796e-06
 0.24139   1.5405727850e-06
 0.24180   1.4720107082e-06
 0.24221   1.4061325562e-06
 0.24262   1.3448902741e-06
 0.24303   1.2858439304e-06
 0.24344   1.2289935252e-06
 0.24385   1.1745830514e-06
 0.24426   1.1221245230e-06
 0.24467   1.0718619329e-06
 0.24508   1.0237952812e-06
 0.24549   9.7768057481e-07
 0.24590   9.3449378625e-07
 0.24631   8.9325894294e-07
 0.24672   8.5348805857e-07
 0.24713   8.1542512628e-07
 0.24754   7.7931413924e-07
 0.24795   7.4564308376e-07
 0.24836   7.1294800090e-07
 0.24877   6.8147288381e-07
 0.24918   6.5121773251e-07
 0.24959   6.2193855383e-07
 0.25000   5.9412333408e-07
 0.25041   5.6704009380e-07
 0.25082   5.4142081245e-07
 0.25123   5.1775347635e-07
 0.25164   4.9506211287e-07
 0.25205   4.7310272886e-07
 0.25246   4.5211931747e-07
 0.25287   4.3186788555e-07
 0.25328   4.1234843310e-07
 0.25369   3.9380495327e-07
 0.25410   3.7599345290e-07
 0.25451   3.5891393200e-07
 0.25492   3.4305437689e-07
 0.25533   3.2768280808e-07
 0.25574   3.1279922558e-07
 0.25615   2.9864762255e-07
 0.25656   2.8547199215e-07
 0.25697   2.7278434805e-07
 0.25738   2.6058469027e-07
 0.25779   2.4887301879e-07
 0.25820   2.3762493432e-07
 0.25861   2.2679163820e-07
 0.25902   2.1637313046e-07
 0.25943   2.0641820971e-07
 0.25984   1.9687807732e-07
 0.26025   1.8792352850e-07
 0.26066   1.7935936874e-07
 0.26107   1.7108800076e-07
 0.26148   1.6318262252e-07
 0.26189   1.5559443538e-07
 0.26230   1.4856743249e-07
 0.26270   1.4178442277e-07
 0.26311   1.3524540619e-07
 0.26352   1.2895038278e-07
 0.26393   1.2289935252e-07
 0.26434   1.1709231541e-07
 0.26475   1.1152927146e-07
 0.26516   1.0618582135e-07
 0.26557   1.0108636440e-07
 0.26598   9.6304098547e-08
 0.26639   9.1717027220e-08
 0.26680   8.7300751102e-08
 0.26721   8.3079669509e-08
 0.26762   7.9053782440e-08
 0.26803   7.5345086474e-08
 0.26844   7.1758387085e-08
 0.26885   6.8293684275e-08
 0.26926   6.4975377357e-08
 0.26967   6.1754667703e-08
 0.27008   5.8680353941e-08
 0.27049   5.5728036757e-08
 0.27090   5.2897716151e-08
 0.27131   5.0189392123e-08
 0.27172   4.7676262620e-08
 0.27213   4.5333928325e-08
 0.27254   4.3089191293e-08
 0.27295   4.0917652207e-08
 0.27336   3.8843710384e-08
 0.27377   3.6842966508e-08
 0.27418   3.4915420578e-08
 0.27459   3.3061072595e-08
 0.27500   3.1304321874e-08
 0.27541   2.9620769100e-08
 0.27582   2.8083612219e-08
 0.27623   2.6644052600e-08
 0.27664   2.5277690928e-08
 0.27705   2.3950368162e-08
 0.27746   2.2676723889e-08
 0.27787   2.1451878247e-08
 0.27828   2.0283151032e-08
 0.27869   1.9163222447e-08
 0.27910   1.8094532425e-08
 0.27951   1.7077080966e-08
 0.27992   1.6137707317e-08
 0.28033   1.5288611135e-08
 0.28074   1.4468794132e-08
 0.28115   1.3683136171e-08
 0.28156   1.2929197319e-08
 0.28197   1.2204537647e-08
 0.28238   1.1511597085e-08
 0.28279   1.0850375633e-08
 0.28320   1.0220873291e-08
 0.28361   9.6206501284e-09
 0.28402   9.0521460757e-09
 0.28443   8.5592799012e-09
 0.28484   8.0908130423e-09
 0.28525   7.6394257043e-09
 0.28566   7.2075578188e-09
 0.28607   6.7927694541e-09
 0.28648   6.3950606104e-09
 0.28689   6.0168712191e-09
 0.28730   5.6582012802e-09
 0.28770   5.3141709307e-09
 0.28811   4.9896600336e-09
 0.28852   4.6846685890e-09
 0.28893   4.4260358440e-09
 0.28934   4.1771628252e-09
 0.28975   3.9356096011e-09
 0.29016   3.7086959663e-09
 0.29057   3.4891021262e-09
 0.29098   3.2792680123e-09
 0.29139   3.0791936247e-09
 0.29180   2.8888789632e-09
 0.29221   2.7083240280e-09
 0.29262   2.5350888875e-09
 0.29303   2.3738094116e-09
 0.29344   2.2398571691e-09
 0.29385   2.1120047556e-09
 0.29426   1.9892761983e-09
 0.29467   1.8716714972e-09
 0.29508   1.7591906525e-09
 0.29549   1.6513456776e-09
 0.29590   1.5491125454e-09
 0.29631   1.4512712900e-09
 0.29672   1.3585538908e-09
 0.29713   1.2707163548e-09
 0.29754   1.1875146887e-09
 0.29795   1.1145607351e-09
 0.29836   1.0508785215e-09
 0.29877   9.8963623944e-10
 0.29918   9.3107788207e-10
 0.29959   8.7495945627e-10
 0.30000   8.2128096202e-10
 0.30041   7.7004239933e-10
 0.30082   7.2124376819e-10
 0.30123   6.7488506861e-10
 0.30164   6.3072230743e-10
 0.30205   5.8899947781e-10
 0.30246   5.4971657975e-10
 0.30287   5.1580153111e-10
 0.30328   4.8627835927e-10
 0.30369   4.5773116006e-10
 0.30410   4.3040392662e-10
 0.30451   4.0405266581e-10
 0.30492   3.7916536393e-10
 0.30533   3.5525403467e-10
 0.30574   3.3256267119e-10
 0.30615   3.1084728034e-10
 0.30656   2.9035185526e-10
 0.30697   2.7107639596e-10
 0.30738   2.5277690928e-10
 0.30779   2.3628297196e-10
 0.30820   2.2254615730e-10
 0.30861   2.0939492620e-10
 0.30902   1.9678048006e-10
 0.30943   1.8472721817e-10
 0.30984   1.7323514053e-10
 0.31025   1.6225544853e-10
 0.31066   1.5183694078e-10
 0.31107   1.4193081866e-10
 0.31148   1.3256148148e-10
 0.31189   1.2368013061e-10
 0.31230   1.1533556469e-10
 0.31270   1.0801577002e-10
 0.31311   1.0162314934e-10
 0.31352   9.5498921133e-11
 0.31393   8.9643085397e-11
 0.31434   8.4055642132e-11
 0.31475   7.8760990653e-11
 0.31516   7.3710332331e-11
 0.31557   6.8903667164e-11
 0.31598   6.4389793784e-11
 0.31639   6.0095514244e-11
 0.31680   5.6094026491e-11
 0.31721   5.2580525049e-11
 0.31762   4.9408614025e-11
 0.31803   4.6358699579e-11
 0.31844   4.3479580342e-11
 0.31885   4.0722457683e-11
 0.31926   3.8136130233e-11
 0.31967   3.5671799360e-11
 0.32008   3.3329465066e-11
 0.32049   3.1133526665e-11
 0.32090   2.9083984157e-11
 0.32131   2.7327233436e-11
 0.32172   2.5643680662e-11
 0.32213   2.4033325834e-11
 0.32254   2.2508368611e-11
 0.32295   2.1068808993e-11
 0.32336   1.9707327184e-11
 0.32377   1.8426363117e-11
 0.32418   1.7223476859e-11
 0.32459   1.6169426427e-11
 0.32500   1.5166614557e-11
 0.32541   1.4212601318e-11
 0.32582   1.3309826642e-11
 0.32623   1.2453410666e-11
 0.32664   1.1648233252e-11
 0.32705   1.0896734333e-11
 0.32746   1.0237952812e-11
 0.32787   9.6108904022e-12
 0.32828   9.0106672393e-12
 0.32869   8.4397232550e-12
 0.32910   7.8980584494e-12
 0.32951   7.3832328909e-12
 0.32992   6.8976865111e-12
 0.33033   6.4804582149e-12
 0.33074   6.0973889604e-12
 0.33115   5.7313992269e-12
 0.33156   5.3800490827e-12
 0.33197   5.0457784595e-12
 0.33238   4.7285873571e-12
 0.33279   4.4260358440e-12
 0.33320   4.1405638519e-12
 0.33361   3.8697314491e-12
 0.33402   3.6159785672e-12
 0.33443   3.3744253430e-12
 0.33484   3.1499516398e-12
 0.33525   2.9620769100e-12
 0.33566   2.7815219747e-12
 0.33607   2.6107267658e-12
 0.33648   2.4496912830e-12
 0.33689   2.2932916702e-12
 0.33730   2.1456758110e-12
 0.33770   2.0056237397e-12
 0.33811   1.8726474698e-12
 0.33852   1.7608986045e-12
 0.33893   1.6613493970e-12
 0.33934   1.5654600868e-12
 0.33975   1.4734746671e-12
 0.34016   1.3851491448e-12
 0.34057   1.3007275129e-12
 0.34098   1.2199657784e-12
 0.34139   1.1426199480e-12
 0.34180   1.0689340150e-12
 0.34221   9.9890797935e-13
 0.34262   9.3229784785e-13
 0.34303   8.6910362053e-13
 0.34344   8.0956929055e-13
 0.34385   7.5345086474e-13
 0.34426   7.1221602143e-13
 0.34467   6.7244513705e-13
 0.34508   6.3413821161e-13
 0.34549   5.9729524510e-13
 0.34590   5.6216023069e-13
 0.34631   5.2824518205e-13
 0.34672   4.9579409234e-13
 0.34713   4.6480696157e-13
 0.34754   4.3503979658e-13
 0.34795   4.0673659052e-13
 0.34836   3.7989734339e-13
 0.34877   3.5427806205e-13
 0.34918   3.3012273963e-13
 0.34959   3.0718738300e-13
 0.35000   2.8547199215e-13
 0.35041   2.7107639596e-13
 0.35082   2.5716878609e-13
 0.35123   2.4379796116e-13
 0.35164   2.3071992801e-13
 0.35205   2.1798348528e-13
 0.35246   2.0563743161e-13
 0.35287   1.9363296835e-13
 0.35328   1.8199449482e-13
 0.35369   1.7069761171e-13
 0.35410   1.5976671834e-13
 0.35451   1.4917741538e-13
 0.35492   1.3892970284e-13
 0.35533   1.2902358072e-13
 0.35574   1.1943464971e-13
 0.35615   1.1018730910e-13
 0.35656   1.0089116987e-13
 0.35697   9.1302238855e-14
 0.35738   8.2176894833e-14
 0.35779   7.3490738491e-14
 0.35820   6.5268169144e-14
 0.35861   5.7509186794e-14
 0.35902   5.0164992808e-14
 0.35943   4.3259986502e-14
 0.35984   3.6818567192e-14
 0.36025   3.0767536931e-14
 0.36066   2.5155694351e-14
 0.36107   1.9951320340e-14
 0.36148   1.5159294762e-14
 0.36189   1.0769857892e-14
 0.36230   6.7805697963e-15
 0.36270   3.1841106816e-15
 0.36311   0.0000000000e+00
 0.36352   0.0000000000e+00
 0.36393   0.0000000000e+00
 0.36434   0.0000000000e+00
 0.36475   0.0000000000e+00
 0.36516   0.0000000000e+00
 0.36557   0.0000000000e+00
 0.36598   0.0000000000e+00
 0.36639   0.0000000000e+00
 0.36680   0.0000000000e+00
 0.36721   0.0000000000e+00
 0.36762   0.0000000000e+00
 0.36803   0.0000000000e+00
 0.36844   0.0000000000e+00
 0.36885   0.0000000000e+00
 0.36926   0.0000000000e+00
 0.36967   0.0000000000e+00
 0.37008   0.0000000000e+00
 0.37049   0.0000000000e+00
 0.37090   0.0000000000e+00
 0.37131   0.0000000000e+00
 0.37172   0.0000000000e+00
 0.37213   0.0000000000e+00
 0.37254   0.0000000000e+00
 0.37295   0.0000000000e+00
 0.37336   0.0000000000e+00
 0.37377   0.0000000000e+00
 0.37418   0.0000000000e+00
 0.37459   0.0000000000e+00
 0.37500   0.0000000000e+00
 0.37541   0.0000000000e+00
 0.37582   0.0000000000e+00
 0.37623   0.0000000000e+00
 0.37664   0.0000000000e+00
 0.37705   0.0000000000e+00
 0.37746   0.0000000000e+00
 0.37787   0.0000000000e+00
 0.37828   0.0000000000e+00
 0.37869   0.0000000000e+00
 0.37910   0.0000000000e+00
 0.37951   0.0000000000e+00
 0.37992   0.0000000000e+00
 0.38033   0.0000000000e+00
 0.38074   0.0000000000e+00
 0.38115   0.0000000000e+00
 0.38156   0.0000000000e+00
 0.38197   0.0000000000e+00
 0.38238   0.0000000000e+00
 0.38279   0.0000000000e+00
 0.38320   0.0000000000e+00
 0.38361   0.0000000000e+00
 0.38402   0.0000000000e+00
 0.38443   0.0000000000e+00
 0.38484   0.0000000000e+00
 0.38525   0.0000000000e+00
 0.38566   0.0000000000e+00
 0.38607   0.0000000000e+00
 0.38648   0.0000000000e+00
 0.38689   0.0000000000e+00
 0.38730   0.0000000000e+00
 0.38770   0.0000000000e+00
 0.38811   0.0000000000e+00
 0.38852   0.0000000000e+00
 0.38893   0.0000000000e+00
 0.38934   0.0000000000e+00
 0.38975   0.0000000000e+00
 0.39016   0.0000000000e+00
 0.39057   0.0000000000e+00
 0.39098   0.0000000000e+00
 0.39139   0.0000000000e+00
 0.39180   0.0000000000e+00
 0.39221   0.0000000000e+00
 0.39262   0.0000000000e+00
 0.39303   0.0000000000e+00
 0.39344   0.0000000000e+00
 0.39385   0.0000000000e+00
 0.39426   0.0000000000e+00
 0.39467   0.0000000000e+00
 0.39508   0.0000000000e+00
 0.39549   0.0000000000e+00
 0.39590   0.0000000000e+00
 0.39631   0.0000000000e+00
 0.39672   0.0000000000e+00
 0.39713   0.0000000000e+00
 0.39754   0.0000000000e+00
 0.39795   0.0000000000e+00
 0.39836   0.0000000000e+00
 0.39877   0.0000000000e+00
 0.39918   0.0000000000e+00
 0.39959   0.0000000000e+00
 0.40000   0.0000000000e+00
 0.40041   0.0000000000e+00
 0.40082   0.0000000000e+00
 0.40123   0.0000000000e+00
 0.40164   0.0000000000e+00
 0.40205   0.0000000000e+00
 0.40246   0.0000000000e+00
 0.40287   0.0000000000e+00
 0.40328   0.0000000000e+00
 0.40369   0.0000000000e+00
 0.40410   0.0000000000e+00
 0.40451   0.0000000000e+00
 0.40492   0.0000000000e+00
 0.40533   0.0000000000e+00
 0.40574   0.0000000000e+00
 0.40615   0.0000000000e+00
 0.40656   0.0000000000e+00
 0.40697   0.0000000000e+00
 0.40738   0.0000000000e+00
 0.40779   0.0000000000e+00
 0.40820   0.0000000000e+00
 0.40861   0.0000000000e+00
 0.40902   0.0000000000e+00
 0.40943   0.0000000000e+00
 0.40984   0.0000000000e+00
 0.41025   0.0000000000e+00
 0.41066   0.0000000000e+00
 0.41107   0.0000000000e+00
 0.41148   0.0000000000e+00
 0.41189   0.0000000000e+00
 0.41230   0.0000000000e+00
 0.41270   0.0000000000e+00
 0.41311   0.0000000000e+00
 0.41352   0.0000000000e+00
 0.41393   0.0000000000e+00
 0.41434   0.0000000000e+00
 0.41475   0.0000000000e+00
 0.41516   0.0000000000e+00
 0.41557   0.0000000000e+00
 0.41598   0.0000000000e+00
 0.41639   0.0000000000e+00
 0.41680   0.0000000000e+00
 0.41721   0.0000000000e+00
 0.41762   0.0000000000e+00
 0.41803   0.0000000000e+00
 0.41844   0.0000000000e+00
 0.41885   0.0000000000e+00
 0.41926   0.0000000000e+00
 0.41967   0.0000000000e+00
 0.42008   0.0000000000e+00
 0.42049   0.0000000000e+00
 0.42090   0.0000000000e+00
 0.42131   0.0000000000e+00
 0.42172   0.0000000000e+00
 0.42213   0.0000000000e+00
 0.42254   0.0000000000e+00
 0.42295   0.0000000000e+00
 0.42336   0.0000000000e+00
 0.42377   0.0000000000e+00
 0.42418   0.0000000000e+00
 0.42459   0.0000000000e+00
 0.42500   0.0000000000e+00
 0.42541   0.0000000000e+00
 0.42582   0.0000000000e+00
 0.42623   0.0000000000e+00
 0.42664   0.0000000000e+00
 0.42705   0.0000000000e+00
 0.42746   0.0000000000e+00
 0.42787   0.0000000000e+00
 0.42828   0.0000000000e+00
 0.42869   0.0000000000e+00
 0.42910   0.0000000000e+00
 0.42951   0.0000000000e+00
 0.42992   0.0000000000e+00
 0.43033   0.0000000000e+00
 0.43074   0.0000000000e+00
 0.43115   0.0000000000e+00
 0.43156   0.0000000000e+00
 0.43197   0.0000000000e+00
 0.43238   0.0000000000e+00
 0.43279   0.0000000000e+00
 0.43320   0.0000000000e+00
 0.43361   0.0000000000e+00
 0.43402   0.0000000000e+00
 0.43443   0.0000000000e+00
 0.43484   0.0000000000e+00
 0.43525   0.0000000000e+00
 0.43566   0.0000000000e+00
 0.43607   0.0000000000e+00
 0.43648   0.0000000000e+00
 0.43689   0.0000000000e+00
 0.43730   0.0000000000e+00
 0.43770   0.0000000000e+00
 0.43811   0.0000000000e+00
 0.43852   0.0000000000e+00
 0.43893   0.0000000000e+00
 0.43934   0.0000000000e+00
 0.43975   0.0000000000e+00
 0.44016   0.0000000000e+00
 0.44057   0.0000000000e+00
 0.44098   0.0000000000e+00
 0.44139   0.0000000000e+00
 0.44180   0.0000000000e+00
 0.44221   0.0000000000e+00
 0.44262   0.0000000000e+00
 0.44303   0.0000000000e+00
 0.44344   0.0000000000e+00
 0.44385   0.0000000000e+00
 0.44426   0.0000000000e+00
 0.44467   0.0000000000e+00
 0.44508   0.0000000000e+00
 0.44549   0.0000000000e+00
 0.44590   0.0000000000e+00
 0.44631   0.0000000000e+00
 0.44672   0.0000000000e+00
 0.44713   0.0000000000e+00
 0.44754   0.0000000000e+00
 0.44795   0.0000000000e+00
 0.44836   0.0000000000e+00
 0.44877   0.0000000000e+00
 0.44918   0.0000000000e+00
 0.44959   0.0000000000e+00
 0.45000   0.0000000000e+00
 0.45041   0.0000000000e+00
 0.45082   0.0000000000e+00
 0.45123   0.0000000000e+00
 0.45164   0.0000000000e+00
 0.45205   0.0000000000e+00
 0.45246   0.0000000000e+00
 0.45287   0.0000000000e+00
 0.45328   0.0000000000e+00
 0.45369   0.0000000000e+00
 0.45410   0.0000000000e+00
 0.45451   0.0000000000e+00
 0.45492   0.0000000000e+00
 0.45533   0.0000000000e+00
 0.45574   0.0000000000e+00
 0.45615   0.0000000000e+00
 0.45656   0.0000000000e+00
 0.45697   0.0000000000e+00
 0.45738   0.0000000000e+00
 0.45779   0.0000000000e+00
 0.45820   0.0000000000e+00
 0.45861   0.0000000000e+00
 0.45902   0.0000000000e+00
 0.45943   0.0000000000e+00
 0.45984   0.0000000000e+00
 0.46025   0.0000000000e+00
 0.46066   0.0000000000e+00
 0.46107   0.0000000000e+00
 0.46148   0.0000000000e+00
 0.46189   0.0000000000e+00
 0.46230   0.0000000000e+00
 0.46270   0.0000000000e+00
 0.46311   0.0000000000e+00
 0.46352   0.0000000000e+00
 0.46393   0.0000000000e+00
 0.46434   0.0000000000e+00
 0.46475   0.0000000000e+00
 0.46516   0.0000000000e+00
 0.46557   0.0000000000e+00
 0.46598   0.0000000000e+00
 0.46639   0.0000000000e+00
 0.46680   0.0000000000e+00
 0.46721   0.0000000000e+00
 0.46762   0.0000000000e+00
 0.46803   0.0000000000e+00
 0.46844   0.0000000000e+00
 0.46885   0.0000000000e+00
 0.46926   0.0000000000e+00
 0.46967   0.0000000000e+00
 0.47008   0.0000000000e+00
 0.47049   0.0000000000e+00
 0.47090   0.0000000000e+00
 0.47131   0.0000000000e+00
 0.47172   0.0000000000e+00
 0.47213   0.0000000000e+00
 0.47254   0.0000000000e+00
 0.47295   0.0000000000e+00
 0.47336   0.0000000000e+00
 0.47377   0.0000000000e+00
 0.47418   0.0000000000e+00
 0.47459   0.0000000000e+00
 0.47500   0.0000000000e+00
 0.47541   0.0000000000e+00
 0.47582   0.0000000000e+00
 0.47623   0.0000000000e+00
 0.47664   0.0000000000e+00
 0.47705   0.0000000000e+00
 0.47746   0.0000000000e+00
 0.47787   0.0000000000e+00
 0.47828   0.0000000000e+00
 0.47869   0.0000000000e+00
 0.47910   0.0000000000e+00
 0.47951   0.0000000000e+00
 0.47992   0.0000000000e+00
 0.48033   0.0000000000e+00
 0.48074   0.0000000000e+00
 0.48115   0.0000000000e+00
 0.48156   0.0000000000e+00
 0.48197   0.0000000000e+00
 0.48238   0.0000000000e+00
 0.48279   0.0000000000e+00
 0.48320   0.0000000000e+00
 0.48361   0.0000000000e+00
 0.48402   0.0000000000e+00
 0.48443   0.0000000000e+00
 0.48484   0.0000000000e+00
 0.48525   0.0000000000e+00
 0.48566   0.0000000000e+00
 0.48607   0.0000000000e+00
 0.48648   0.0000000000e+00
 0.48689   0.0000000000e+00
 0.48730   0.0000000000e+00
 0.48770   0.0000000000e+00
 0.48811   0.0000000000e+00
 0.48852   0.0000000000e+00
 0.48893   0.0000000000e+00
 0.48934   0.0000000000e+00
 0.48975   0.0000000000e+00
 0.49016   0.0000000000e+00
 0.49057   0.0000000000e+00
 0.49098   0.0000000000e+00
 0.49139   0.0000000000e+00
 0.49180   0.0000000000e+00
 0.49221   0.0000000000e+00
 0.49262   0.0000000000e+00
 0.49303   0.0000000000e+00
 0.49344   0.0000000000e+00
 0.49385   0.0000000000e+00
 0.49426   0.0000000000e+00
 0.49467   0.0000000000e+00
 0.49508   0.0000000000e+00
 0.49549   0.0000000000e+00
 0.49590   0.0000000000e+00
 0.49631   0.0000000000e+00
 0.49672   0.0000000000e+00
 0.49713   0.0000000000e+00
 0.49754   0.0000000000e+00
 0.49795   0.0000000000e+00
 0.49836   0.0000000000e+00
 0.49877   0.0000000000e+00
 0.49918   0.0000000000e+00
 0.49959   0.0000000000e+00
