# Columns in the Table below represent:
#
# 1) Radius of the zone in units of one solar radius
# 2) Fraction of boron 8 neutrinos produced in the zone
#
# the zero point below was interpolated for the sake of completeness
 0.00000   1.163e-06
 0.00041   4.706e-06
 0.00082   1.368e-05
 0.00123   2.267e-05
 0.00164   3.502e-05
 0.00205   5.221e-05
 0.00246   7.279e-05
 0.00287   9.675e-05
 0.00328   1.241e-04
 0.00369   1.547e-04
 0.00410   1.887e-04
 0.00451   2.259e-04
 0.00492   2.663e-04
 0.00533   3.100e-04
 0.00574   3.568e-04
 0.00615   4.067e-04
 0.00656   4.596e-04
 0.00697   5.156e-04
 0.00738   5.745e-04
 0.00779   6.362e-04
 0.00820   7.008e-04
 0.00861   7.682e-04
 0.00902   8.383e-04
 0.00943   9.110e-04
 0.00984   9.863e-04
 0.01025   1.064e-03
 0.01066   1.144e-03
 0.01107   1.227e-03
 0.01148   1.311e-03
 0.01189   1.398e-03
 0.01230   1.487e-03
 0.01270   1.578e-03
 0.01311   1.671e-03
 0.01352   1.766e-03
 0.01393   1.862e-03
 0.01434   1.960e-03
 0.01475   2.060e-03
 0.01516   2.161e-03
 0.01557   2.264e-03
 0.01598   2.367e-03
 0.01639   2.472e-03
 0.01680   2.578e-03
 0.01721   2.685e-03
 0.01762   2.793e-03
 0.01803   2.901e-03
 0.01844   3.010e-03
 0.01885   3.120e-03
 0.01926   3.230e-03
 0.01967   3.341e-03
 0.02008   3.451e-03
 0.02049   3.562e-03
 0.02090   3.673e-03
 0.02131   3.784e-03
 0.02172   3.895e-03
 0.02213   4.005e-03
 0.02254   4.116e-03
 0.02295   4.225e-03
 0.02336   4.334e-03
 0.02377   4.443e-03
 0.02418   4.551e-03
 0.02459   4.658e-03
 0.02500   4.764e-03
 0.02541   4.869e-03
 0.02582   4.973e-03
 0.02623   5.076e-03
 0.02664   5.177e-03
 0.02705   5.277e-03
 0.02746   5.376e-03
 0.02787   5.474e-03
 0.02828   5.569e-03
 0.02869   5.663e-03
 0.02910   5.756e-03
 0.02951   5.846e-03
 0.02992   5.935e-03
 0.03033   6.021e-03
 0.03074   6.106e-03
 0.03115   6.189e-03
 0.03156   6.269e-03
 0.03197   6.348e-03
 0.03238   6.424e-03
 0.03279   6.498e-03
 0.03320   6.569e-03
 0.03361   6.638e-03
 0.03402   6.705e-03
 0.03443   6.770e-03
 0.03484   6.831e-03
 0.03525   6.891e-03
 0.03566   6.947e-03
 0.03607   7.002e-03
 0.03648   7.053e-03
 0.03689   7.102e-03
 0.03730   7.148e-03
 0.03770   7.192e-03
 0.03811   7.233e-03
 0.03852   7.272e-03
 0.03893   7.307e-03
 0.03934   7.340e-03
 0.03975   7.370e-03
 0.04016   7.398e-03
 0.04057   7.423e-03
 0.04098   7.445e-03
 0.04139   7.464e-03
 0.04180   7.481e-03
 0.04221   7.495e-03
 0.04262   7.506e-03
 0.04303   7.515e-03
 0.04344   7.521e-03
 0.04385   7.525e-03
 0.04426   7.525e-03
 0.04467   7.524e-03
 0.04508   7.520e-03
 0.04549   7.513e-03
 0.04590   7.505e-03
 0.04631   7.493e-03
 0.04672   7.479e-03
 0.04713   7.463e-03
 0.04754   7.444e-03
 0.04795   7.423e-03
 0.04836   7.399e-03
 0.04877   7.374e-03
 0.04918   7.347e-03
 0.04959   7.317e-03
 0.05000   7.285e-03
 0.05041   7.251e-03
 0.05082   7.216e-03
 0.05123   7.178e-03
 0.05164   7.138e-03
 0.05205   7.097e-03
 0.05246   7.054e-03
 0.05287   7.009e-03
 0.05328   6.962e-03
 0.05369   6.914e-03
 0.05410   6.865e-03
 0.05451   6.813e-03
 0.05492   6.761e-03
 0.05533   6.706e-03
 0.05574   6.651e-03
 0.05615   6.594e-03
 0.05656   6.536e-03
 0.05697   6.477e-03
 0.05738   6.417e-03
 0.05779   6.355e-03
 0.05820   6.292e-03
 0.05861   6.229e-03
 0.05902   6.164e-03
 0.05943   6.099e-03
 0.05984   6.033e-03
 0.06025   5.966e-03
 0.06066   5.899e-03
 0.06107   5.830e-03
 0.06148   5.762e-03
 0.06189   5.692e-03
 0.06230   5.622e-03
 0.06270   5.552e-03
 0.06311   5.481e-03
 0.06352   5.410e-03
 0.06393   5.339e-03
 0.06434   5.267e-03
 0.06475   5.195e-03
 0.06516   5.123e-03
 0.06557   5.051e-03
 0.06598   4.978e-03
 0.06639   4.906e-03
 0.06680   4.834e-03
 0.06721   4.761e-03
 0.06762   4.689e-03
 0.06803   4.616e-03
 0.06844   4.544e-03
 0.06885   4.472e-03
 0.06926   4.401e-03
 0.06967   4.329e-03
 0.07008   4.258e-03
 0.07049   4.187e-03
 0.07090   4.116e-03
 0.07131   4.046e-03
 0.07172   3.976e-03
 0.07213   3.907e-03
 0.07254   3.838e-03
 0.07295   3.769e-03
 0.07336   3.701e-03
 0.07377   3.633e-03
 0.07418   3.566e-03
 0.07459   3.500e-03
 0.07500   3.434e-03
 0.07541   3.369e-03
 0.07582   3.304e-03
 0.07623   3.240e-03
 0.07664   3.176e-03
 0.07705   3.114e-03
 0.07746   3.051e-03
 0.07787   2.990e-03
 0.07828   2.929e-03
 0.07869   2.869e-03
 0.07910   2.810e-03
 0.07951   2.751e-03
 0.07992   2.694e-03
 0.08033   2.637e-03
 0.08074   2.580e-03
 0.08115   2.525e-03
 0.08156   2.470e-03
 0.08197   2.416e-03
 0.08238   2.363e-03
 0.08279   2.310e-03
 0.08320   2.258e-03
 0.08361   2.207e-03
 0.08402   2.157e-03
 0.08443   2.108e-03
 0.08484   2.059e-03
 0.08525   2.012e-03
 0.08566   1.965e-03
 0.08607   1.918e-03
 0.08648   1.873e-03
 0.08689   1.828e-03
 0.08730   1.784e-03
 0.08770   1.741e-03
 0.08811   1.699e-03
 0.08852   1.658e-03
 0.08893   1.617e-03
 0.08934   1.577e-03
 0.08975   1.537e-03
 0.09016   1.499e-03
 0.09057   1.461e-03
 0.09098   1.424e-03
 0.09139   1.388e-03
 0.09180   1.352e-03
 0.09221   1.317e-03
 0.09262   1.283e-03
 0.09303   1.250e-03
 0.09344   1.217e-03
 0.09385   1.185e-03
 0.09426   1.153e-03
 0.09467   1.123e-03
 0.09508   1.093e-03
 0.09549   1.063e-03
 0.09590   1.035e-03
 0.09631   1.006e-03
 0.09672   9.789e-04
 0.09713   9.521e-04
 0.09754   9.258e-04
 0.09795   9.002e-04
 0.09836   8.751e-04
 0.09877   8.506e-04
 0.09918   8.267e-04
 0.09959   8.034e-04
 0.10000   7.806e-04
 0.10041   7.583e-04
 0.10082   7.367e-04
 0.10123   7.155e-04
 0.10164   6.948e-04
 0.10205   6.747e-04
 0.10246   6.551e-04
 0.10287   6.359e-04
 0.10328   6.172e-04
 0.10369   5.990e-04
 0.10410   5.813e-04
 0.10451   5.640e-04
 0.10492   5.472e-04
 0.10533   5.308e-04
 0.10574   5.149e-04
 0.10615   4.993e-04
 0.10656   4.842e-04
 0.10697   4.695e-04
 0.10738   4.552e-04
 0.10779   4.412e-04
 0.10820   4.276e-04
 0.10861   4.145e-04
 0.10902   4.016e-04
 0.10943   3.891e-04
 0.10984   3.770e-04
 0.11025   3.652e-04
 0.11066   3.537e-04
 0.11107   3.426e-04
 0.11148   3.318e-04
 0.11189   3.212e-04
 0.11230   3.110e-04
 0.11270   3.011e-04
 0.11311   2.914e-04
 0.11352   2.821e-04
 0.11393   2.730e-04
 0.11434   2.641e-04
 0.11475   2.556e-04
 0.11516   2.472e-04
 0.11557   2.392e-04
 0.11598   2.313e-04
 0.11639   2.237e-04
 0.11680   2.164e-04
 0.11721   2.092e-04
 0.11762   2.023e-04
 0.11803   1.956e-04
 0.11844   1.890e-04
 0.11885   1.827e-04
 0.11926   1.766e-04
 0.11967   1.707e-04
 0.12008   1.649e-04
 0.12049   1.593e-04
 0.12090   1.539e-04
 0.12131   1.487e-04
 0.12172   1.436e-04
 0.12213   1.387e-04
 0.12254   1.340e-04
 0.12295   1.294e-04
 0.12336   1.249e-04
 0.12377   1.206e-04
 0.12418   1.164e-04
 0.12459   1.124e-04
 0.12500   1.085e-04
 0.12541   1.047e-04
 0.12582   1.011e-04
 0.12623   9.751e-05
 0.12664   9.409e-05
 0.12705   9.078e-05
 0.12746   8.757e-05
 0.12787   8.448e-05
 0.12828   8.148e-05
 0.12869   7.858e-05
 0.12910   7.579e-05
 0.12951   7.308e-05
 0.12992   7.047e-05
 0.13033   6.794e-05
 0.13074   6.550e-05
 0.13115   6.314e-05
 0.13156   6.086e-05
 0.13197   5.866e-05
 0.13238   5.654e-05
 0.13279   5.448e-05
 0.13320   5.250e-05
 0.13361   5.058e-05
 0.13402   4.873e-05
 0.13443   4.695e-05
 0.13484   4.523e-05
 0.13525   4.356e-05
 0.13566   4.196e-05
 0.13607   4.041e-05
 0.13648   3.891e-05
 0.13689   3.747e-05
 0.13730   3.608e-05
 0.13770   3.474e-05
 0.13811   3.344e-05
 0.13852   3.219e-05
 0.13893   3.099e-05
 0.13934   2.983e-05
 0.13975   2.871e-05
 0.14016   2.763e-05
 0.14057   2.659e-05
 0.14098   2.558e-05
 0.14139   2.462e-05
 0.14180   2.368e-05
 0.14221   2.278e-05
 0.14262   2.192e-05
 0.14303   2.108e-05
 0.14344   2.028e-05
 0.14385   1.950e-05
 0.14426   1.876e-05
 0.14467   1.804e-05
 0.14508   1.734e-05
 0.14549   1.668e-05
 0.14590   1.603e-05
 0.14631   1.542e-05
 0.14672   1.482e-05
 0.14713   1.425e-05
 0.14754   1.369e-05
 0.14795   1.316e-05
 0.14836   1.265e-05
 0.14877   1.216e-05
 0.14918   1.168e-05
 0.14959   1.123e-05
 0.15000   1.079e-05
 0.15041   1.036e-05
 0.15082   9.958e-06
 0.15123   9.566e-06
 0.15164   9.190e-06
 0.15205   8.828e-06
 0.15246   8.480e-06
 0.15287   8.145e-06
 0.15328   7.822e-06
 0.15369   7.513e-06
 0.15410   7.214e-06
 0.15451   6.928e-06
 0.15492   6.652e-06
 0.15533   6.387e-06
 0.15574   6.133e-06
 0.15615   5.888e-06
 0.15656   5.652e-06
 0.15697   5.426e-06
 0.15738   5.209e-06
 0.15779   5.000e-06
 0.15820   4.799e-06
 0.15861   4.606e-06
 0.15902   4.421e-06
 0.15943   4.243e-06
 0.15984   4.071e-06
 0.16025   3.907e-06
 0.16066   3.749e-06
 0.16107   3.597e-06
 0.16148   3.452e-06
 0.16189   3.312e-06
 0.16230   3.177e-06
 0.16270   3.048e-06
 0.16311   2.924e-06
 0.16352   2.805e-06
 0.16393   2.691e-06
 0.16434   2.581e-06
 0.16475   2.475e-06
 0.16516   2.374e-06
 0.16557   2.277e-06
 0.16598   2.183e-06
 0.16639   2.094e-06
 0.16680   2.008e-06
 0.16721   1.925e-06
 0.16762   1.846e-06
 0.16803   1.770e-06
 0.16844   1.697e-06
 0.16885   1.627e-06
 0.16926   1.560e-06
 0.16967   1.496e-06
 0.17008   1.434e-06
 0.17049   1.374e-06
 0.17090   1.317e-06
 0.17131   1.263e-06
 0.17172   1.210e-06
 0.17213   1.160e-06
 0.17254   1.112e-06
 0.17295   1.066e-06
 0.17336   1.021e-06
 0.17377   9.786e-07
 0.17418   9.378e-07
 0.17459   8.986e-07
 0.17500   8.611e-07
 0.17541   8.251e-07
 0.17582   7.906e-07
 0.17623   7.575e-07
 0.17664   7.257e-07
 0.17705   6.953e-07
 0.17746   6.661e-07
 0.17787   6.381e-07
 0.17828   6.113e-07
 0.17869   5.856e-07
 0.17910   5.609e-07
 0.17951   5.373e-07
 0.17992   5.146e-07
 0.18033   4.929e-07
 0.18074   4.721e-07
 0.18115   4.521e-07
 0.18156   4.330e-07
 0.18197   4.147e-07
 0.18238   3.971e-07
 0.18279   3.803e-07
 0.18320   3.642e-07
 0.18361   3.487e-07
 0.18402   3.339e-07
 0.18443   3.197e-07
 0.18484   3.061e-07
 0.18525   2.931e-07
 0.18566   2.806e-07
 0.18607   2.686e-07
 0.18648   2.572e-07
 0.18689   2.462e-07
 0.18730   2.357e-07
 0.18770   2.256e-07
 0.18811   2.160e-07
 0.18852   2.068e-07
 0.18893   1.979e-07
 0.18934   1.895e-07
 0.18975   1.813e-07
 0.19016   1.735e-07
 0.19057   1.661e-07
 0.19098   1.590e-07
 0.19139   1.521e-07
 0.19180   1.456e-07
 0.19221   1.393e-07
 0.19262   1.333e-07
 0.19303   1.276e-07
 0.19344   1.221e-07
 0.19385   1.169e-07
 0.19426   1.118e-07
 0.19467   1.070e-07
 0.19508   1.024e-07
 0.19549   9.794e-08
 0.19590   9.372e-08
 0.19631   8.966e-08
 0.19672   8.578e-08
 0.19713   8.207e-08
 0.19754   7.851e-08
 0.19795   7.512e-08
 0.19836   7.186e-08
 0.19877   6.874e-08
 0.19918   6.576e-08
 0.19959   6.290e-08
 0.20000   6.017e-08
 0.20041   5.756e-08
 0.20082   5.506e-08
 0.20123   5.266e-08
 0.20164   5.037e-08
 0.20205   4.818e-08
 0.20246   4.608e-08
 0.20287   4.407e-08
 0.20328   4.215e-08
 0.20369   4.031e-08
 0.20410   3.856e-08
 0.20451   3.687e-08
 0.20492   3.526e-08
 0.20533   3.372e-08
 0.20574   3.225e-08
 0.20615   3.084e-08
 0.20656   2.949e-08
 0.20697   2.820e-08
 0.20738   2.697e-08
 0.20779   2.578e-08
 0.20820   2.466e-08
 0.20861   2.358e-08
 0.20902   2.254e-08
 0.20943   2.155e-08
 0.20984   2.061e-08
 0.21025   1.970e-08
 0.21066   1.884e-08
 0.21107   1.801e-08
 0.21148   1.722e-08
 0.21189   1.646e-08
 0.21230   1.574e-08
 0.21270   1.505e-08
 0.21311   1.439e-08
 0.21352   1.375e-08
 0.21393   1.315e-08
 0.21434   1.257e-08
 0.21475   1.202e-08
 0.21516   1.149e-08
 0.21557   1.098e-08
 0.21598   1.050e-08
 0.21639   1.003e-08
 0.21680   9.591e-09
 0.21721   9.170e-09
 0.21762   8.765e-09
 0.21803   8.377e-09
 0.21844   8.007e-09
 0.21885   7.655e-09
 0.21926   7.316e-09
 0.21967   6.992e-09
 0.22008   6.684e-09
 0.22049   6.389e-09
 0.22090   6.106e-09
 0.22131   5.835e-09
 0.22172   5.578e-09
 0.22213   5.331e-09
 0.22254   5.095e-09
 0.22295   4.872e-09
 0.22336   4.657e-09
 0.22377   4.451e-09
 0.22418   4.253e-09
 0.22459   4.063e-09
 0.22500   3.882e-09
 0.22541   3.711e-09
 0.22582   3.547e-09
 0.22623   3.389e-09
 0.22664   3.238e-09
 0.22705   3.095e-09
 0.22746   2.958e-09
 0.22787   2.827e-09
 0.22828   2.701e-09
 0.22869   2.581e-09
 0.22910   2.467e-09
 0.22951   2.358e-09
 0.22992   2.253e-09
 0.23033   2.152e-09
 0.23074   2.057e-09
 0.23115   1.966e-09
 0.23156   1.879e-09
 0.23197   1.795e-09
 0.23238   1.715e-09
 0.23279   1.639e-09
 0.23320   1.567e-09
 0.23361   1.497e-09
 0.23402   1.430e-09
 0.23443   1.367e-09
 0.23484   1.306e-09
 0.23525   1.248e-09
 0.23566   1.192e-09
 0.23607   1.140e-09
 0.23648   1.089e-09
 0.23689   1.041e-09
 0.23730   9.943e-10
 0.23770   9.503e-10
 0.23811   9.080e-10
 0.23852   8.676e-10
 0.23893   8.290e-10
 0.23934   7.923e-10
 0.23975   7.571e-10
 0.24016   7.234e-10
 0.24057   6.912e-10
 0.24098   6.607e-10
 0.24139   6.314e-10
 0.24180   6.033e-10
 0.24221   5.763e-10
 0.24262   5.512e-10
 0.24303   5.270e-10
 0.24344   5.037e-10
 0.24385   4.814e-10
 0.24426   4.599e-10
 0.24467   4.393e-10
 0.24508   4.196e-10
 0.24549   4.007e-10
 0.24590   3.830e-10
 0.24631   3.661e-10
 0.24672   3.498e-10
 0.24713   3.342e-10
 0.24754   3.194e-10
 0.24795   3.056e-10
 0.24836   2.922e-10
 0.24877   2.793e-10
 0.24918   2.669e-10
 0.24959   2.549e-10
 0.25000   2.435e-10
 0.25041   2.324e-10
 0.25082   2.219e-10
 0.25123   2.122e-10
 0.25164   2.029e-10
 0.25205   1.939e-10
 0.25246   1.853e-10
 0.25287   1.770e-10
 0.25328   1.690e-10
 0.25369   1.614e-10
 0.25410   1.541e-10
 0.25451   1.471e-10
 0.25492   1.406e-10
 0.25533   1.343e-10
 0.25574   1.282e-10
 0.25615   1.224e-10
 0.25656   1.170e-10
 0.25697   1.118e-10
 0.25738   1.068e-10
 0.25779   1.020e-10
 0.25820   9.739e-11
 0.25861   9.295e-11
 0.25902   8.868e-11
 0.25943   8.460e-11
 0.25984   8.069e-11
 0.26025   7.702e-11
 0.26066   7.351e-11
 0.26107   7.012e-11
 0.26148   6.688e-11
 0.26189   6.377e-11
 0.26230   6.089e-11
 0.26270   5.811e-11
 0.26311   5.543e-11
 0.26352   5.285e-11
 0.26393   5.037e-11
 0.26434   4.799e-11
 0.26475   4.571e-11
 0.26516   4.352e-11
 0.26557   4.143e-11
 0.26598   3.947e-11
 0.26639   3.759e-11
 0.26680   3.578e-11
 0.26721   3.405e-11
 0.26762   3.240e-11
 0.26803   3.088e-11
 0.26844   2.941e-11
 0.26885   2.799e-11
 0.26926   2.663e-11
 0.26967   2.531e-11
 0.27008   2.405e-11
 0.27049   2.284e-11
 0.27090   2.168e-11
 0.27131   2.057e-11
 0.27172   1.954e-11
 0.27213   1.858e-11
 0.27254   1.766e-11
 0.27295   1.677e-11
 0.27336   1.592e-11
 0.27377   1.510e-11
 0.27418   1.431e-11
 0.27459   1.355e-11
 0.27500   1.283e-11
 0.27541   1.214e-11
 0.27582   1.151e-11
 0.27623   1.092e-11
 0.27664   1.036e-11
 0.27705   9.816e-12
 0.27746   9.294e-12
 0.27787   8.792e-12
 0.27828   8.313e-12
 0.27869   7.854e-12
 0.27910   7.416e-12
 0.27951   6.999e-12
 0.27992   6.614e-12
 0.28033   6.266e-12
 0.28074   5.930e-12
 0.28115   5.608e-12
 0.28156   5.299e-12
 0.28197   5.002e-12
 0.28238   4.718e-12
 0.28279   4.447e-12
 0.28320   4.189e-12
 0.28361   3.943e-12
 0.28402   3.710e-12
 0.28443   3.508e-12
 0.28484   3.316e-12
 0.28525   3.131e-12
 0.28566   2.954e-12
 0.28607   2.784e-12
 0.28648   2.621e-12
 0.28689   2.466e-12
 0.28730   2.319e-12
 0.28770   2.178e-12
 0.28811   2.045e-12
 0.28852   1.920e-12
 0.28893   1.814e-12
 0.28934   1.712e-12
 0.28975   1.613e-12
 0.29016   1.520e-12
 0.29057   1.430e-12
 0.29098   1.344e-12
 0.29139   1.262e-12
 0.29180   1.184e-12
 0.29221   1.110e-12
 0.29262   1.039e-12
 0.29303   9.729e-13
 0.29344   9.180e-13
 0.29385   8.656e-13
 0.29426   8.153e-13
 0.29467   7.671e-13
 0.29508   7.210e-13
 0.29549   6.768e-13
 0.29590   6.349e-13
 0.29631   5.948e-13
 0.29672   5.568e-13
 0.29713   5.208e-13
 0.29754   4.867e-13
 0.29795   4.568e-13
 0.29836   4.307e-13
 0.29877   4.056e-13
 0.29918   3.816e-13
 0.29959   3.586e-13
 0.30000   3.366e-13
 0.30041   3.156e-13
 0.30082   2.956e-13
 0.30123   2.766e-13
 0.30164   2.585e-13
 0.30205   2.414e-13
 0.30246   2.253e-13
 0.30287   2.114e-13
 0.30328   1.993e-13
 0.30369   1.876e-13
 0.30410   1.764e-13
 0.30451   1.656e-13
 0.30492   1.554e-13
 0.30533   1.456e-13
 0.30574   1.363e-13
 0.30615   1.274e-13
 0.30656   1.190e-13
 0.30697   1.111e-13
 0.30738   1.036e-13
 0.30779   9.684e-14
 0.30820   9.121e-14
 0.30861   8.582e-14
 0.30902   8.065e-14
 0.30943   7.571e-14
 0.30984   7.100e-14
 0.31025   6.650e-14
 0.31066   6.223e-14
 0.31107   5.817e-14
 0.31148   5.433e-14
 0.31189   5.069e-14
 0.31230   4.727e-14
 0.31270   4.427e-14
 0.31311   4.165e-14
 0.31352   3.914e-14
 0.31393   3.674e-14
 0.31434   3.445e-14
 0.31475   3.228e-14
 0.31516   3.021e-14
 0.31557   2.824e-14
 0.31598   2.639e-14
 0.31639   2.463e-14
 0.31680   2.299e-14
 0.31721   2.155e-14
 0.31762   2.025e-14
 0.31803   1.900e-14
 0.31844   1.782e-14
 0.31885   1.669e-14
 0.31926   1.563e-14
 0.31967   1.462e-14
 0.32008   1.366e-14
 0.32049   1.276e-14
 0.32090   1.192e-14
 0.32131   1.120e-14
 0.32172   1.051e-14
 0.32213   9.850e-15
 0.32254   9.225e-15
 0.32295   8.635e-15
 0.32336   8.077e-15
 0.32377   7.552e-15
 0.32418   7.059e-15
 0.32459   6.627e-15
 0.32500   6.216e-15
 0.32541   5.825e-15
 0.32582   5.455e-15
 0.32623   5.104e-15
 0.32664   4.774e-15
 0.32705   4.466e-15
 0.32746   4.196e-15
 0.32787   3.939e-15
 0.32828   3.693e-15
 0.32869   3.459e-15
 0.32910   3.237e-15
 0.32951   3.026e-15
 0.32992   2.827e-15
 0.33033   2.656e-15
 0.33074   2.499e-15
 0.33115   2.349e-15
 0.33156   2.205e-15
 0.33197   2.068e-15
 0.33238   1.938e-15
 0.33279   1.814e-15
 0.33320   1.697e-15
 0.33361   1.586e-15
 0.33402   1.482e-15
 0.33443   1.383e-15
 0.33484   1.291e-15
 0.33525   1.214e-15
 0.33566   1.140e-15
 0.33607   1.070e-15
 0.33648   1.004e-15
 0.33689   9.399e-16
 0.33730   8.794e-16
 0.33770   8.220e-16
 0.33811   7.675e-16
 0.33852   7.217e-16
 0.33893   6.809e-16
 0.33934   6.416e-16
 0.33975   6.039e-16
 0.34016   5.677e-16
 0.34057   5.331e-16
 0.34098   5.000e-16
 0.34139   4.683e-16
 0.34180   4.381e-16
 0.34221   4.094e-16
 0.34262   3.821e-16
 0.34303   3.562e-16
 0.34344   3.318e-16
 0.34385   3.088e-16
 0.34426   2.919e-16
 0.34467   2.756e-16
 0.34508   2.599e-16
 0.34549   2.448e-16
 0.34590   2.304e-16
 0.34631   2.165e-16
 0.34672   2.032e-16
 0.34713   1.905e-16
 0.34754   1.783e-16
 0.34795   1.667e-16
 0.34836   1.557e-16
 0.34877   1.452e-16
 0.34918   1.353e-16
 0.34959   1.259e-16
 0.35000   1.170e-16
 0.35041   1.111e-16
 0.35082   1.054e-16
 0.35123   9.992e-17
 0.35164   9.456e-17
 0.35205   8.934e-17
 0.35246   8.428e-17
 0.35287   7.936e-17
 0.35328   7.459e-17
 0.35369   6.996e-17
 0.35410   6.548e-17
 0.35451   6.114e-17
 0.35492   5.694e-17
 0.35533   5.288e-17
 0.35574   4.895e-17
 0.35615   4.516e-17
 0.35656   4.135e-17
 0.35697   3.742e-17
 0.35738   3.368e-17
 0.35779   3.012e-17
 0.35820   2.675e-17
 0.35861   2.357e-17
 0.35902   2.056e-17
 0.35943   1.773e-17
 0.35984   1.509e-17
 0.36025   1.261e-17
 0.36066   1.031e-17
 0.36107   8.177e-18
 0.36148   6.213e-18
 0.36189   4.414e-18
 0.36230   2.779e-18
 0.36270   1.305e-18
 0.36311   0.000e+00
 0.36352   0.000e+00
 0.36393   0.000e+00
 0.36434   0.000e+00
 0.36475   0.000e+00
 0.36516   0.000e+00
 0.36557   0.000e+00
 0.36598   0.000e+00
 0.36639   0.000e+00
 0.36680   0.000e+00
 0.36721   0.000e+00
 0.36762   0.000e+00
 0.36803   0.000e+00
 0.36844   0.000e+00
 0.36885   0.000e+00
 0.36926   0.000e+00
 0.36967   0.000e+00
 0.37008   0.000e+00
 0.37049   0.000e+00
 0.37090   0.000e+00
 0.37131   0.000e+00
 0.37172   0.000e+00
 0.37213   0.000e+00
 0.37254   0.000e+00
 0.37295   0.000e+00
 0.37336   0.000e+00
 0.37377   0.000e+00
 0.37418   0.000e+00
 0.37459   0.000e+00
 0.37500   0.000e+00
 0.37541   0.000e+00
 0.37582   0.000e+00
 0.37623   0.000e+00
 0.37664   0.000e+00
 0.37705   0.000e+00
 0.37746   0.000e+00
 0.37787   0.000e+00
 0.37828   0.000e+00
 0.37869   0.000e+00
 0.37910   0.000e+00
 0.37951   0.000e+00
 0.37992   0.000e+00
 0.38033   0.000e+00
 0.38074   0.000e+00
 0.38115   0.000e+00
 0.38156   0.000e+00
 0.38197   0.000e+00
 0.38238   0.000e+00
 0.38279   0.000e+00
 0.38320   0.000e+00
 0.38361   0.000e+00
 0.38402   0.000e+00
 0.38443   0.000e+00
 0.38484   0.000e+00
 0.38525   0.000e+00
 0.38566   0.000e+00
 0.38607   0.000e+00
 0.38648   0.000e+00
 0.38689   0.000e+00
 0.38730   0.000e+00
 0.38770   0.000e+00
 0.38811   0.000e+00
 0.38852   0.000e+00
 0.38893   0.000e+00
 0.38934   0.000e+00
 0.38975   0.000e+00
 0.39016   0.000e+00
 0.39057   0.000e+00
 0.39098   0.000e+00
 0.39139   0.000e+00
 0.39180   0.000e+00
 0.39221   0.000e+00
 0.39262   0.000e+00
 0.39303   0.000e+00
 0.39344   0.000e+00
 0.39385   0.000e+00
 0.39426   0.000e+00
 0.39467   0.000e+00
 0.39508   0.000e+00
 0.39549   0.000e+00
 0.39590   0.000e+00
 0.39631   0.000e+00
 0.39672   0.000e+00
 0.39713   0.000e+00
 0.39754   0.000e+00
 0.39795   0.000e+00
 0.39836   0.000e+00
 0.39877   0.000e+00
 0.39918   0.000e+00
 0.39959   0.000e+00
 0.40000   0.000e+00
 0.40041   0.000e+00
 0.40082   0.000e+00
 0.40123   0.000e+00
 0.40164   0.000e+00
 0.40205   0.000e+00
 0.40246   0.000e+00
 0.40287   0.000e+00
 0.40328   0.000e+00
 0.40369   0.000e+00
 0.40410   0.000e+00
 0.40451   0.000e+00
 0.40492   0.000e+00
 0.40533   0.000e+00
 0.40574   0.000e+00
 0.40615   0.000e+00
 0.40656   0.000e+00
 0.40697   0.000e+00
 0.40738   0.000e+00
 0.40779   0.000e+00
 0.40820   0.000e+00
 0.40861   0.000e+00
 0.40902   0.000e+00
 0.40943   0.000e+00
 0.40984   0.000e+00
 0.41025   0.000e+00
 0.41066   0.000e+00
 0.41107   0.000e+00
 0.41148   0.000e+00
 0.41189   0.000e+00
 0.41230   0.000e+00
 0.41270   0.000e+00
 0.41311   0.000e+00
 0.41352   0.000e+00
 0.41393   0.000e+00
 0.41434   0.000e+00
 0.41475   0.000e+00
 0.41516   0.000e+00
 0.41557   0.000e+00
 0.41598   0.000e+00
 0.41639   0.000e+00
 0.41680   0.000e+00
 0.41721   0.000e+00
 0.41762   0.000e+00
 0.41803   0.000e+00
 0.41844   0.000e+00
 0.41885   0.000e+00
 0.41926   0.000e+00
 0.41967   0.000e+00
 0.42008   0.000e+00
 0.42049   0.000e+00
 0.42090   0.000e+00
 0.42131   0.000e+00
 0.42172   0.000e+00
 0.42213   0.000e+00
 0.42254   0.000e+00
 0.42295   0.000e+00
 0.42336   0.000e+00
 0.42377   0.000e+00
 0.42418   0.000e+00
 0.42459   0.000e+00
 0.42500   0.000e+00
 0.42541   0.000e+00
 0.42582   0.000e+00
 0.42623   0.000e+00
 0.42664   0.000e+00
 0.42705   0.000e+00
 0.42746   0.000e+00
 0.42787   0.000e+00
 0.42828   0.000e+00
 0.42869   0.000e+00
 0.42910   0.000e+00
 0.42951   0.000e+00
 0.42992   0.000e+00
 0.43033   0.000e+00
 0.43074   0.000e+00
 0.43115   0.000e+00
 0.43156   0.000e+00
 0.43197   0.000e+00
 0.43238   0.000e+00
 0.43279   0.000e+00
 0.43320   0.000e+00
 0.43361   0.000e+00
 0.43402   0.000e+00
 0.43443   0.000e+00
 0.43484   0.000e+00
 0.43525   0.000e+00
 0.43566   0.000e+00
 0.43607   0.000e+00
 0.43648   0.000e+00
 0.43689   0.000e+00
 0.43730   0.000e+00
 0.43770   0.000e+00
 0.43811   0.000e+00
 0.43852   0.000e+00
 0.43893   0.000e+00
 0.43934   0.000e+00
 0.43975   0.000e+00
 0.44016   0.000e+00
 0.44057   0.000e+00
 0.44098   0.000e+00
 0.44139   0.000e+00
 0.44180   0.000e+00
 0.44221   0.000e+00
 0.44262   0.000e+00
 0.44303   0.000e+00
 0.44344   0.000e+00
 0.44385   0.000e+00
 0.44426   0.000e+00
 0.44467   0.000e+00
 0.44508   0.000e+00
 0.44549   0.000e+00
 0.44590   0.000e+00
 0.44631   0.000e+00
 0.44672   0.000e+00
 0.44713   0.000e+00
 0.44754   0.000e+00
 0.44795   0.000e+00
 0.44836   0.000e+00
 0.44877   0.000e+00
 0.44918   0.000e+00
 0.44959   0.000e+00
 0.45000   0.000e+00
 0.45041   0.000e+00
 0.45082   0.000e+00
 0.45123   0.000e+00
 0.45164   0.000e+00
 0.45205   0.000e+00
 0.45246   0.000e+00
 0.45287   0.000e+00
 0.45328   0.000e+00
 0.45369   0.000e+00
 0.45410   0.000e+00
 0.45451   0.000e+00
 0.45492   0.000e+00
 0.45533   0.000e+00
 0.45574   0.000e+00
 0.45615   0.000e+00
 0.45656   0.000e+00
 0.45697   0.000e+00
 0.45738   0.000e+00
 0.45779   0.000e+00
 0.45820   0.000e+00
 0.45861   0.000e+00
 0.45902   0.000e+00
 0.45943   0.000e+00
 0.45984   0.000e+00
 0.46025   0.000e+00
 0.46066   0.000e+00
 0.46107   0.000e+00
 0.46148   0.000e+00
 0.46189   0.000e+00
 0.46230   0.000e+00
 0.46270   0.000e+00
 0.46311   0.000e+00
 0.46352   0.000e+00
 0.46393   0.000e+00
 0.46434   0.000e+00
 0.46475   0.000e+00
 0.46516   0.000e+00
 0.46557   0.000e+00
 0.46598   0.000e+00
 0.46639   0.000e+00
 0.46680   0.000e+00
 0.46721   0.000e+00
 0.46762   0.000e+00
 0.46803   0.000e+00
 0.46844   0.000e+00
 0.46885   0.000e+00
 0.46926   0.000e+00
 0.46967   0.000e+00
 0.47008   0.000e+00
 0.47049   0.000e+00
 0.47090   0.000e+00
 0.47131   0.000e+00
 0.47172   0.000e+00
 0.47213   0.000e+00
 0.47254   0.000e+00
 0.47295   0.000e+00
 0.47336   0.000e+00
 0.47377   0.000e+00
 0.47418   0.000e+00
 0.47459   0.000e+00
 0.47500   0.000e+00
 0.47541   0.000e+00
 0.47582   0.000e+00
 0.47623   0.000e+00
 0.47664   0.000e+00
 0.47705   0.000e+00
 0.47746   0.000e+00
 0.47787   0.000e+00
 0.47828   0.000e+00
 0.47869   0.000e+00
 0.47910   0.000e+00
 0.47951   0.000e+00
 0.47992   0.000e+00
 0.48033   0.000e+00
 0.48074   0.000e+00
 0.48115   0.000e+00
 0.48156   0.000e+00
 0.48197   0.000e+00
 0.48238   0.000e+00
 0.48279   0.000e+00
 0.48320   0.000e+00
 0.48361   0.000e+00
 0.48402   0.000e+00
 0.48443   0.000e+00
 0.48484   0.000e+00
 0.48525   0.000e+00
 0.48566   0.000e+00
 0.48607   0.000e+00
 0.48648   0.000e+00
 0.48689   0.000e+00
 0.48730   0.000e+00
 0.48770   0.000e+00
 0.48811   0.000e+00
 0.48852   0.000e+00
 0.48893   0.000e+00
 0.48934   0.000e+00
 0.48975   0.000e+00
 0.49016   0.000e+00
 0.49057   0.000e+00
 0.49098   0.000e+00
 0.49139   0.000e+00
 0.49180   0.000e+00
 0.49221   0.000e+00
 0.49262   0.000e+00
 0.49303   0.000e+00
 0.49344   0.000e+00
 0.49385   0.000e+00
 0.49426   0.000e+00
 0.49467   0.000e+00
 0.49508   0.000e+00
 0.49549   0.000e+00
 0.49590   0.000e+00
 0.49631   0.000e+00
 0.49672   0.000e+00
 0.49713   0.000e+00
 0.49754   0.000e+00
 0.49795   0.000e+00
 0.49836   0.000e+00
 0.49877   0.000e+00
 0.49918   0.000e+00
 0.49959   0.000e+00
