# notes:
# this table was generated applying 10^r to the second column
# because the data was log10(N_e/N_A)
# the negative points were symmetrized to interpolate zero radius
#
#  raio          N_e / N_A
-0.0020271   1.0291673502e+02
-0.0020193   1.0291697200e+02
-0.0020115   1.0291697200e+02
-0.0020035   1.0291720897e+02
-0.0019955   1.0291744595e+02
-0.0019875   1.0291768292e+02
-0.0019794   1.0291768292e+02
-0.0019753   1.0291791990e+02
-0.0019712   1.0291791990e+02
-0.0019671   1.0291791990e+02
-0.0019630   1.0291815688e+02
-0.0019588   1.0291815688e+02
-0.0019546   1.0291815688e+02
-0.0019504   1.0291839386e+02
-0.0019462   1.0291839386e+02
-0.0019420   1.0291839386e+02
-0.0019378   1.0291863084e+02
-0.0019335   1.0291863084e+02
-0.0019292   1.0291863084e+02
-0.0019249   1.0291886782e+02
-0.0019206   1.0291886782e+02
-0.0019163   1.0291910480e+02
-0.0019119   1.0291910480e+02
-0.0019076   1.0291910480e+02
-0.0019032   1.0291934178e+02
-0.0018987   1.0291934178e+02
-0.0018943   1.0291934178e+02
-0.0018899   1.0291957876e+02
-0.0018854   1.0291957876e+02
-0.0018809   1.0291957876e+02
-0.0018764   1.0291981574e+02
-0.0018718   1.0291981574e+02
-0.0018672   1.0292005272e+02
-0.0018627   1.0292005272e+02
-0.0018580   1.0292005272e+02
-0.0018534   1.0292028970e+02
-0.0018487   1.0292028970e+02
-0.0018441   1.0292028970e+02
-0.0018394   1.0292052668e+02
-0.0018346   1.0292052668e+02
-0.0018299   1.0292052668e+02
-0.0018235   1.0292076367e+02
-0.0018171   1.0292076367e+02
-0.0018106   1.0292100065e+02
-0.0018041   1.0292100065e+02
-0.0017975   1.0292123764e+02
-0.0017909   1.0292123764e+02
-0.0017843   1.0292147462e+02
-0.0017776   1.0292147462e+02
-0.0017708   1.0292171161e+02
-0.0017640   1.0292171161e+02
-0.0017571   1.0292194859e+02
-0.0017502   1.0292218558e+02
-0.0017432   1.0292218558e+02
-0.0017362   1.0292242257e+02
-0.0017291   1.0292242257e+02
-0.0017255   1.0292242257e+02
-0.0017220   1.0292265956e+02
-0.0017184   1.0292265956e+02
-0.0017148   1.0292265956e+02
-0.0017111   1.0292265956e+02
-0.0017075   1.0292289654e+02
-0.0017038   1.0292289654e+02
-0.0017002   1.0292289654e+02
-0.0016965   1.0292289654e+02
-0.0016928   1.0292313353e+02
-0.0016890   1.0292313353e+02
-0.0016853   1.0292313353e+02
-0.0016815   1.0292313353e+02
-0.0016740   1.0292337052e+02
-0.0016702   1.0292337052e+02
-0.0016664   1.0292337052e+02
-0.0016625   1.0292360751e+02
-0.0016587   1.0292360751e+02
-0.0016548   1.0292360751e+02
-0.0016509   1.0292360751e+02
-0.0016470   1.0292384450e+02
-0.0016430   1.0292384450e+02
-0.0016391   1.0292384450e+02
-0.0016351   1.0292408150e+02
-0.0016311   1.0292408150e+02
-0.0016271   1.0292408150e+02
-0.0016231   1.0292408150e+02
-0.0016191   1.0292431849e+02
-0.0016150   1.0292431849e+02
-0.0016109   1.0292431849e+02
-0.0016068   1.0292431849e+02
-0.0016027   1.0292455548e+02
-0.0015985   1.0292455548e+02
 0.0015985   1.0292455548e+02
 0.0016027   1.0292455548e+02
 0.0016068   1.0292431849e+02
 0.0016109   1.0292431849e+02
 0.0016150   1.0292431849e+02
 0.0016191   1.0292431849e+02
 0.0016231   1.0292408150e+02
 0.0016271   1.0292408150e+02
 0.0016311   1.0292408150e+02
 0.0016351   1.0292408150e+02
 0.0016391   1.0292384450e+02
 0.0016430   1.0292384450e+02
 0.0016470   1.0292384450e+02
 0.0016509   1.0292360751e+02
 0.0016548   1.0292360751e+02
 0.0016587   1.0292360751e+02
 0.0016625   1.0292360751e+02
 0.0016664   1.0292337052e+02
 0.0016702   1.0292337052e+02
 0.0016740   1.0292337052e+02
 0.0016778   1.0292337052e+02
 0.0016815   1.0292313353e+02
 0.0016853   1.0292313353e+02
 0.0016890   1.0292313353e+02
 0.0016928   1.0292313353e+02
 0.0016965   1.0292289654e+02
 0.0017002   1.0292289654e+02
 0.0017038   1.0292289654e+02
 0.0017075   1.0292289654e+02
 0.0017111   1.0292265956e+02
 0.0017148   1.0292265956e+02
 0.0017184   1.0292265956e+02
 0.0017220   1.0292265956e+02
 0.0017255   1.0292242257e+02
 0.0017291   1.0292242257e+02
 0.0017362   1.0292242257e+02
 0.0017432   1.0292218558e+02
 0.0017502   1.0292218558e+02
 0.0017571   1.0292194859e+02
 0.0017640   1.0292171161e+02
 0.0017708   1.0292171161e+02
 0.0017776   1.0292147462e+02
 0.0017843   1.0292147462e+02
 0.0017909   1.0292123764e+02
 0.0017975   1.0292123764e+02
 0.0018041   1.0292100065e+02
 0.0018106   1.0292100065e+02
 0.0018171   1.0292076367e+02
 0.0018235   1.0292076367e+02
 0.0018299   1.0292052668e+02
 0.0018346   1.0292052668e+02
 0.0018394   1.0292052668e+02
 0.0018441   1.0292028970e+02
 0.0018487   1.0292028970e+02
 0.0018534   1.0292028970e+02
 0.0018580   1.0292005272e+02
 0.0018627   1.0292005272e+02
 0.0018672   1.0292005272e+02
 0.0018718   1.0291981574e+02
 0.0018764   1.0291981574e+02
 0.0018809   1.0291957876e+02
 0.0018854   1.0291957876e+02
 0.0018899   1.0291957876e+02
 0.0018943   1.0291934178e+02
 0.0018987   1.0291934178e+02
 0.0019032   1.0291934178e+02
 0.0019076   1.0291910480e+02
 0.0019119   1.0291910480e+02
 0.0019163   1.0291910480e+02
 0.0019206   1.0291886782e+02
 0.0019249   1.0291886782e+02
 0.0019292   1.0291863084e+02
 0.0019335   1.0291863084e+02
 0.0019378   1.0291863084e+02
 0.0019420   1.0291839386e+02
 0.0019462   1.0291839386e+02
 0.0019504   1.0291839386e+02
 0.0019546   1.0291815688e+02
 0.0019588   1.0291815688e+02
 0.0019630   1.0291815688e+02
 0.0019671   1.0291791990e+02
 0.0019712   1.0291791990e+02
 0.0019753   1.0291791990e+02
 0.0019794   1.0291768292e+02
 0.0019875   1.0291768292e+02
 0.0019955   1.0291744595e+02
 0.0020035   1.0291720897e+02
 0.0020115   1.0291697200e+02
 0.0020193   1.0291697200e+02
 0.0020271   1.0291673502e+02
 0.0020348   1.0291649805e+02
 0.0020425   1.0291649805e+02
 0.0020502   1.0291626107e+02
 0.0020577   1.0291602410e+02
 0.0020652   1.0291602410e+02
 0.0020727   1.0291578713e+02
 0.0020801   1.0291555016e+02
 0.0020874   1.0291555016e+02
 0.0020947   1.0291531318e+02
 0.0020996   1.0291507621e+02
 0.0021052   1.0291507621e+02
 0.0021107   1.0291483924e+02
 0.0021162   1.0291483924e+02
 0.0021216   1.0291460227e+02
 0.0021271   1.0291460227e+02
 0.0021325   1.0291436530e+02
 0.0021378   1.0291436530e+02
 0.0021435   1.0291412834e+02
 0.0021490   1.0291412834e+02
 0.0021546   1.0291389137e+02
 0.0021601   1.0291389137e+02
 0.0021656   1.0291365440e+02
 0.0021711   1.0291365440e+02
 0.0021765   1.0291341743e+02
 0.0021819   1.0291341743e+02
 0.0021875   1.0291318047e+02
 0.0021930   1.0291318047e+02
 0.0021985   1.0291294350e+02
 0.0022040   1.0291270653e+02
 0.0022095   1.0291270653e+02
 0.0022149   1.0291246957e+02
 0.0022203   1.0291246957e+02
 0.0022257   1.0291223260e+02
 0.0022314   1.0291223260e+02
 0.0022371   1.0291199564e+02
 0.0022427   1.0291199564e+02
 0.0022483   1.0291175868e+02
 0.0022539   1.0291152171e+02
 0.0022594   1.0291152171e+02
 0.0022650   1.0291128475e+02
 0.0022705   1.0291128475e+02
 0.0022763   1.0291104779e+02
 0.0022821   1.0291104779e+02
 0.0022878   1.0291081083e+02
 0.0022935   1.0291057387e+02
 0.0022992   1.0291057387e+02
 0.0023049   1.0291033691e+02
 0.0023105   1.0291033691e+02
 0.0023161   1.0291009995e+02
 0.0023221   1.0290986299e+02
 0.0023279   1.0290986299e+02
 0.0023338   1.0290962603e+02
 0.0023397   1.0290962603e+02
 0.0023455   1.0290938907e+02
 0.0023512   1.0290915212e+02
 0.0023570   1.0290915212e+02
 0.0023627   1.0290891516e+02
 0.0023688   1.0290891516e+02
 0.0023748   1.0290867820e+02
 0.0023808   1.0290844125e+02
 0.0023867   1.0290844125e+02
 0.0023926   1.0290820429e+02
 0.0023985   1.0290796734e+02
 0.0024044   1.0290796734e+02
 0.0024102   1.0290773038e+02
 0.0024164   1.0290749343e+02
 0.0024225   1.0290749343e+02
 0.0024287   1.0290725648e+02
 0.0024347   1.0290701952e+02
 0.0024408   1.0290701952e+02
 0.0024468   1.0290678257e+02
 0.0024528   1.0290654562e+02
 0.0024587   1.0290654562e+02
 0.0024651   1.0290630867e+02
 0.0024714   1.0290607172e+02
 0.0024777   1.0290607172e+02
 0.0024840   1.0290583477e+02
 0.0024902   1.0290559782e+02
 0.0024964   1.0290536087e+02
 0.0025026   1.0290536087e+02
 0.0025088   1.0290512392e+02
 0.0025152   1.0290488698e+02
 0.0025217   1.0290488698e+02
 0.0025281   1.0290465003e+02
 0.0025345   1.0290441308e+02
 0.0025409   1.0290417614e+02
 0.0025472   1.0290417614e+02
 0.0025535   1.0290393919e+02
 0.0025598   1.0290370225e+02
 0.0025664   1.0290346530e+02
 0.0025730   1.0290346530e+02
 0.0025795   1.0290322836e+02
 0.0025861   1.0290299142e+02
 0.0025926   1.0290275447e+02
 0.0025990   1.0290251753e+02
 0.0026054   1.0290251753e+02
 0.0026118   1.0290228059e+02
 0.0026186   1.0290204365e+02
 0.0026253   1.0290180671e+02
 0.0026320   1.0290156977e+02
 0.0026387   1.0290156977e+02
 0.0026453   1.0290133283e+02
 0.0026519   1.0290109589e+02
 0.0026584   1.0290085895e+02
 0.0026650   1.0290062202e+02
 0.0026719   1.0290062202e+02
 0.0026787   1.0290038508e+02
 0.0026856   1.0290014814e+02
 0.0026924   1.0289991121e+02
 0.0026991   1.0289967427e+02
 0.0027058   1.0289943733e+02
 0.0027125   1.0289943733e+02
 0.0027192   1.0289920040e+02
 0.0027262   1.0289896347e+02
 0.0027332   1.0289872653e+02
 0.0027402   1.0289848960e+02
 0.0027471   1.0289825267e+02
 0.0027540   1.0289801574e+02
 0.0027609   1.0289801574e+02
 0.0027677   1.0289777881e+02
 0.0027745   1.0289754187e+02
 0.0027817   1.0289730494e+02
 0.0027889   1.0289706801e+02
 0.0027960   1.0289683109e+02
 0.0028031   1.0289659416e+02
 0.0028101   1.0289635723e+02
 0.0028171   1.0289612030e+02
 0.0028241   1.0289588338e+02
 0.0028310   1.0289564645e+02
 0.0028383   1.0289540952e+02
 0.0028456   1.0289540952e+02
 0.0028529   1.0289517260e+02
 0.0028601   1.0289493567e+02
 0.0028673   1.0289469875e+02
 0.0028745   1.0289446183e+02
 0.0028816   1.0289422490e+02
 0.0028887   1.0289398798e+02
 0.0028961   1.0289375106e+02
 0.0029036   1.0289351414e+02
 0.0029110   1.0289327722e+02
 0.0029184   1.0289304030e+02
 0.0029257   1.0289280338e+02
 0.0029330   1.0289256646e+02
 0.0029403   1.0289232954e+02
 0.0029475   1.0289209262e+02
 0.0029551   1.0289185570e+02
 0.0029627   1.0289161879e+02
 0.0029703   1.0289138187e+02
 0.0029778   1.0289114495e+02
 0.0029853   1.0289090804e+02
 0.0029927   1.0289067112e+02
 0.0030001   1.0289043421e+02
 0.0030075   1.0289019730e+02
 0.0030153   1.0288996038e+02
 0.0030231   1.0288948656e+02
 0.0030308   1.0288924965e+02
 0.0030385   1.0288901274e+02
 0.0030461   1.0288877583e+02
 0.0030537   1.0288853892e+02
 0.0030613   1.0288830201e+02
 0.0030688   1.0288806510e+02
 0.0030767   1.0288782819e+02
 0.0030847   1.0288759128e+02
 0.0030925   1.0288735437e+02
 0.0031004   1.0288688056e+02
 0.0031082   1.0288664366e+02
 0.0031159   1.0288640675e+02
 0.0031236   1.0288616985e+02
 0.0031313   1.0288593294e+02
 0.0031388   1.0288569604e+02
 0.0031486   1.0288522223e+02
 0.0031584   1.0288498533e+02
 0.0031671   1.0288474843e+02
 0.0031758   1.0288427463e+02
 0.0031844   1.0288403773e+02
 0.0031930   1.0288380083e+02
 0.0032015   1.0288356393e+02
 0.0032100   1.0288309014e+02
 0.0032185   1.0288285324e+02
 0.0032269   1.0288261635e+02
 0.0032372   1.0288214255e+02
 0.0032475   1.0288190566e+02
 0.0032577   1.0288143187e+02
 0.0032678   1.0288119498e+02
 0.0032779   1.0288072120e+02
 0.0032879   1.0288048430e+02
 0.0032979   1.0288001052e+02
 0.0033078   1.0287953674e+02
 0.0033169   1.0287929986e+02
 0.0033260   1.0287906297e+02
 0.0033351   1.0287858919e+02
 0.0033441   1.0287835231e+02
 0.0033530   1.0287787853e+02
 0.0033619   1.0287764165e+02
 0.0033708   1.0287740477e+02
 0.0033796   1.0287693100e+02
 0.0033904   1.0287669412e+02
 0.0034012   1.0287622035e+02
 0.0034119   1.0287574659e+02
 0.0034225   1.0287527283e+02
 0.0034331   1.0287503595e+02
 0.0034436   1.0287456220e+02
 0.0034540   1.0287408844e+02
 0.0034644   1.0287385157e+02
 0.0034740   1.0287337782e+02
 0.0034835   1.0287314094e+02
 0.0034930   1.0287266720e+02
 0.0035024   1.0287219345e+02
 0.0035118   1.0287195658e+02
 0.0035211   1.0287148284e+02
 0.0035304   1.0287124597e+02
 0.0035396   1.0287077223e+02
 0.0035510   1.0287029849e+02
 0.0035622   1.0287006162e+02
 0.0035734   1.0286958789e+02
 0.0035845   1.0286911416e+02
 0.0035956   1.0286864043e+02
 0.0036066   1.0286816671e+02
 0.0036175   1.0286769298e+02
 0.0036284   1.0286721926e+02
 0.0036400   1.0286674554e+02
 0.0036515   1.0286650868e+02
 0.0036630   1.0286603496e+02
 0.0036744   1.0286556125e+02
 0.0036857   1.0286508754e+02
 0.0036970   1.0286461383e+02
 0.0037082   1.0286414012e+02
 0.0037193   1.0286366641e+02
 0.0037313   1.0286319271e+02
 0.0037431   1.0286271901e+02
 0.0037549   1.0286224531e+02
 0.0037666   1.0286177161e+02
 0.0037782   1.0286106107e+02
 0.0037897   1.0286058738e+02
 0.0038012   1.0286011369e+02
 0.0038126   1.0285964000e+02
 0.0038248   1.0285916632e+02
 0.0038370   1.0285869263e+02
 0.0038491   1.0285821895e+02
 0.0038610   1.0285774527e+02
 0.0038730   1.0285703476e+02
 0.0038848   1.0285656109e+02
 0.0038966   1.0285608742e+02
 0.0039083   1.0285561375e+02
 0.0039208   1.0285514008e+02
 0.0039333   1.0285442959e+02
 0.0039456   1.0285395592e+02
 0.0039579   1.0285348227e+02
 0.0039702   1.0285300861e+02
 0.0039823   1.0285229813e+02
 0.0039944   1.0285182448e+02
 0.0040064   1.0285135083e+02
 0.0040192   1.0285064036e+02
 0.0040320   1.0285016671e+02
 0.0040447   1.0284969307e+02
 0.0040573   1.0284898262e+02
 0.0040698   1.0284850898e+02
 0.0040823   1.0284779853e+02
 0.0040947   1.0284732490e+02
 0.0041070   1.0284685127e+02
 0.0041201   1.0284614083e+02
 0.0041332   1.0284543040e+02
 0.0041462   1.0284495678e+02
 0.0041592   1.0284424635e+02
 0.0041720   1.0284377274e+02
 0.0041848   1.0284306232e+02
 0.0041975   1.0284258871e+02
 0.0042101   1.0284187830e+02
 0.0042236   1.0284140470e+02
 0.0042370   1.0284069430e+02
 0.0042504   1.0283998390e+02
 0.0042636   1.0283951031e+02
 0.0042768   1.0283879992e+02
 0.0042899   1.0283808954e+02
 0.0043029   1.0283761595e+02
 0.0043159   1.0283690558e+02
 0.0043297   1.0283619521e+02
 0.0043435   1.0283572163e+02
 0.0043572   1.0283501127e+02
 0.0043708   1.0283430091e+02
 0.0043843   1.0283359056e+02
 0.0043977   1.0283288022e+02
 0.0044110   1.0283240665e+02
 0.0044243   1.0283169632e+02
 0.0044385   1.0283098598e+02
 0.0044526   1.0283027565e+02
 0.0044667   1.0282956533e+02
 0.0044806   1.0282885501e+02
 0.0044945   1.0282814470e+02
 0.0045082   1.0282743439e+02
 0.0045219   1.0282672408e+02
 0.0045355   1.0282601378e+02
 0.0045501   1.0282530349e+02
 0.0045646   1.0282459320e+02
 0.0045790   1.0282388291e+02
 0.0045933   1.0282317263e+02
 0.0046075   1.0282246236e+02
 0.0046216   1.0282175209e+02
 0.0046356   1.0282104182e+02
 0.0046496   1.0282033156e+02
 0.0046645   1.0281938456e+02
 0.0046793   1.0281867431e+02
 0.0046941   1.0281796407e+02
 0.0047087   1.0281725383e+02
 0.0047233   1.0281630685e+02
 0.0047377   1.0281559662e+02
 0.0047521   1.0281488640e+02
 0.0047664   1.0281417618e+02
 0.0047815   1.0281322923e+02
 0.0047966   1.0281251903e+02
 0.0048115   1.0281180883e+02
 0.0048264   1.0281086190e+02
 0.0048411   1.0281015171e+02
 0.0048558   1.0280944152e+02
 0.0048704   1.0280849462e+02
 0.0048849   1.0280778444e+02
 0.0049004   1.0280683755e+02
 0.0049158   1.0280612739e+02
 0.0049311   1.0280518052e+02
 0.0049463   1.0280447037e+02
 0.0049614   1.0280352351e+02
 0.0049765   1.0280281337e+02
 0.0049914   1.0280186652e+02
 0.0050063   1.0280115639e+02
 0.0050222   1.0280020957e+02
 0.0050380   1.0279926274e+02
 0.0050537   1.0279831593e+02
 0.0050693   1.0279760583e+02
 0.0050848   1.0279665903e+02
 0.0051002   1.0279571225e+02
 0.0051155   1.0279500216e+02
 0.0051308   1.0279405539e+02
 0.0051471   1.0279310862e+02
 0.0051633   1.0279216187e+02
 0.0051794   1.0279121512e+02
 0.0051954   1.0279026838e+02
 0.0052113   1.0278932166e+02
 0.0052271   1.0278837494e+02
 0.0052428   1.0278742822e+02
 0.0052584   1.0278671820e+02
 0.0052751   1.0278553483e+02
 0.0052917   1.0278458814e+02
 0.0053082   1.0278364146e+02
 0.0053246   1.0278269480e+02
 0.0053409   1.0278174814e+02
 0.0053571   1.0278080149e+02
 0.0053732   1.0277985485e+02
 0.0053893   1.0277890821e+02
 0.0054064   1.0277772493e+02
 0.0054234   1.0277677832e+02
 0.0054403   1.0277583171e+02
 0.0054571   1.0277464847e+02
 0.0054739   1.0277370189e+02
 0.0054905   1.0277275531e+02
 0.0055070   1.0277157210e+02
 0.0055234   1.0277062554e+02
 0.0055410   1.0276967900e+02
 0.0055584   1.0276849582e+02
 0.0055758   1.0276754929e+02
 0.0055930   1.0276636615e+02
 0.0056101   1.0276518301e+02
 0.0056272   1.0276423651e+02
 0.0056441   1.0276305340e+02
 0.0056609   1.0276210693e+02
 0.0056789   1.0276092384e+02
 0.0056968   1.0275974077e+02
 0.0057146   1.0275879432e+02
 0.0057323   1.0275761127e+02
 0.0057499   1.0275642824e+02
 0.0057673   1.0275524522e+02
 0.0057847   1.0275429881e+02
 0.0058019   1.0275311582e+02
 0.0058204   1.0275193283e+02
 0.0058387   1.0275074987e+02
 0.0058570   1.0274956691e+02
 0.0058751   1.0274838397e+02
 0.0058931   1.0274720104e+02
 0.0059110   1.0274601813e+02
 0.0059288   1.0274483523e+02
 0.0059465   1.0274365234e+02
 0.0059654   1.0274223289e+02
 0.0059842   1.0274105004e+02
 0.0060029   1.0273986719e+02
 0.0060215   1.0273868436e+02
 0.0060400   1.0273726499e+02
 0.0060583   1.0273608219e+02
 0.0060766   1.0273489940e+02
 0.0060947   1.0273371663e+02
 0.0061141   1.0273229732e+02
 0.0061334   1.0273087803e+02
 0.0061526   1.0272969530e+02
 0.0061716   1.0272827605e+02
 0.0061905   1.0272709335e+02
 0.0062093   1.0272567414e+02
 0.0062280   1.0272449147e+02
 0.0062466   1.0272307229e+02
 0.0062665   1.0272188965e+02
 0.0062863   1.0272047051e+02
 0.0063059   1.0271905138e+02
 0.0063254   1.0271763228e+02
 0.0063448   1.0271621319e+02
 0.0063641   1.0271479412e+02
 0.0063832   1.0271361158e+02
 0.0064023   1.0271219255e+02
 0.0064223   1.0271077354e+02
 0.0064423   1.0270935455e+02
 0.0064621   1.0270793557e+02
 0.0064819   1.0270651662e+02
 0.0065015   1.0270509769e+02
 0.0065209   1.0270367877e+02
 0.0065403   1.0270225988e+02
 0.0065596   1.0270084101e+02
 0.0065794   1.0269942215e+02
 0.0065990   1.0269800332e+02
 0.0066186   1.0269658450e+02
 0.0066381   1.0269492924e+02
 0.0066574   1.0269351047e+02
 0.0066766   1.0269209171e+02
 0.0067148   1.0268925427e+02
 0.0067330   1.0268807202e+02
 0.0067693   1.0268523468e+02
 0.0068052   1.0268239742e+02
 0.0068230   1.0268121525e+02
 0.0068582   1.0267837811e+02
 0.0068848   1.0267648672e+02
 0.0069112   1.0267435895e+02
 0.0069305   1.0267294046e+02
 0.0069688   1.0266986713e+02
 0.0069877   1.0266844871e+02
 0.0070254   1.0266561191e+02
 0.0070626   1.0266253881e+02
 0.0070854   1.0266088410e+02
 0.0071082   1.0265899303e+02
 0.0071307   1.0265710200e+02
 0.0071532   1.0265544737e+02
 0.0071754   1.0265355641e+02
 0.0071976   1.0265190184e+02
 0.0072196   1.0265001094e+02
 0.0072617   1.0264670195e+02
 0.0073018   1.0264339306e+02
 0.0073415   1.0264032062e+02
 0.0073611   1.0263866627e+02
 0.0074002   1.0263535764e+02
 0.0074241   1.0263346705e+02
 0.0074480   1.0263134017e+02
 0.0074716   1.0262944965e+02
 0.0074951   1.0262755916e+02
 0.0075417   1.0262354199e+02
 0.0075878   1.0261976127e+02
 0.0076301   1.0261621697e+02
 0.0076510   1.0261432673e+02
 0.0076926   1.0261078262e+02
 0.0077132   1.0260912874e+02
 0.0077542   1.0260558481e+02
 0.0077793   1.0260345851e+02
 0.0078042   1.0260109600e+02
 0.0078290   1.0259896979e+02
 0.0078781   1.0259471751e+02
 0.0079024   1.0259259143e+02
 0.0079506   1.0258833941e+02
 0.0079763   1.0258597726e+02
 0.0080273   1.0258148931e+02
 0.0080777   1.0257700156e+02
 0.0081027   1.0257463966e+02
 0.0081521   1.0257038839e+02
 0.0081785   1.0256779047e+02
 0.0082308   1.0256306716e+02
 0.0082825   1.0255834407e+02
 0.0083081   1.0255598260e+02
 0.0083588   1.0255125983e+02
 0.0083859   1.0254866240e+02
 0.0084395   1.0254370385e+02
 0.0084661   1.0254134273e+02
 0.0085188   1.0253638453e+02
 0.0085708   1.0253142658e+02
 0.0085986   1.0252859357e+02
 0.0086536   1.0252339992e+02
 0.0086809   1.0252080320e+02
 0.0087349   1.0251560995e+02
 0.0087883   1.0251041696e+02
 0.0088168   1.0250758453e+02
 0.0088732   1.0250191991e+02
 0.0089012   1.0249932373e+02
 0.0089566   1.0249365956e+02
 0.0090113   1.0248823170e+02
 0.0090406   1.0248539988e+02
 0.0090985   1.0247950052e+02
 0.0091557   1.0247360149e+02
 0.0091840   1.0247077008e+02
 0.0092402   1.0246510749e+02
 0.0092702   1.0246204039e+02
 0.0093296   1.0245590646e+02
 0.0093883   1.0244977289e+02
 0.0094173   1.0244670625e+02
 0.0094749   1.0244080911e+02
 0.0095057   1.0243750686e+02
 0.0095667   1.0243090268e+02
 0.0096269   1.0242453477e+02
 0.0096567   1.0242146888e+02
 0.0097158   1.0241510156e+02
 0.0097473   1.0241156433e+02
 0.0098099   1.0240496182e+02
 0.0098716   1.0239812396e+02
 0.0099022   1.0239482309e+02
 0.0099628   1.0238798591e+02
 0.0099952   1.0238444961e+02
 0.0100593   1.0237737739e+02
 0.0101227   1.0237030566e+02
 0.0101541   1.0236676997e+02
 0.0102162   1.0235969897e+02
 0.0102494   1.0235592797e+02
 0.0103152   1.0234862205e+02
 0.0103801   1.0234108100e+02
 0.0104123   1.0233731069e+02
 0.0104760   1.0233000610e+02
 0.0105097   1.0232600057e+02
 0.0105763   1.0231822560e+02
 0.0106422   1.0231068679e+02
 0.0106748   1.0230668202e+02
 0.0107394   1.0229914407e+02
 0.0107740   1.0229490421e+02
 0.0108423   1.0228666055e+02
 0.0109099   1.0227865305e+02
 0.0109433   1.0227464954e+02
 0.0110096   1.0226664299e+02
 0.0110450   1.0226216901e+02
 0.0111152   1.0225369254e+02
 0.0111844   1.0224521677e+02
 0.0112188   1.0224097914e+02
 0.0112868   1.0223250443e+02
 0.0113231   1.0222779656e+02
 0.0113950   1.0221885220e+02
 0.0114661   1.0220990862e+02
 0.0115013   1.0220543712e+02
 0.0115710   1.0219649472e+02
 0.0116083   1.0219178850e+02
 0.0116820   1.0218237673e+02
 0.0117549   1.0217296581e+02
 0.0117910   1.0216826068e+02
 0.0118626   1.0215885107e+02
 0.0119008   1.0215391137e+02
 0.0119764   1.0214379750e+02
 0.0120512   1.0213391979e+02
 0.0120882   1.0212898130e+02
 0.0121616   1.0211934017e+02
 0.0122008   1.0211393213e+02
 0.0122784   1.0210358711e+02
 0.0123551   1.0209300806e+02
 0.0123930   1.0208783647e+02
 0.0124683   1.0207772914e+02
 0.0125085   1.0207208827e+02
 0.0125880   1.0206104247e+02
 0.0126666   1.0205023285e+02
 0.0127056   1.0204482847e+02
 0.0127827   1.0203402057e+02
 0.0128235   1.0202814718e+02
 0.0129043   1.0201687124e+02
 0.0129842   1.0200536166e+02
 0.0130237   1.0199972480e+02
 0.0131021   1.0198845199e+02
 0.0131433   1.0198258123e+02
 0.0132250   1.0197084073e+02
 0.0133057   1.0195910158e+02
 0.0133456   1.0195323251e+02
 0.0134249   1.0194149539e+02
 0.0134665   1.0193539262e+02
 0.0135491   1.0192318817e+02
 0.0136306   1.0191098519e+02
 0.0137512   1.0189291807e+02
 0.0137932   1.0188658360e+02
 0.0139179   1.0186758257e+02
 0.0139997   1.0185515171e+02
 0.0141227   1.0183615654e+02
 0.0142060   1.0182326061e+02
 0.0142883   1.0181036630e+02
 0.0144101   1.0179137949e+02
 0.0145363   1.0177122452e+02
 0.0146193   1.0175810250e+02
 0.0147421   1.0173842264e+02
 0.0148641   1.0171874658e+02
 0.0149043   1.0171218875e+02
 0.0150237   1.0169251777e+02
 0.0150979   1.0168034240e+02
 0.0152016   1.0166325252e+02
 0.0153206   1.0164335696e+02
 0.0154189   1.0162697531e+02
 0.0154837   1.0161621166e+02
 0.0156197   1.0159305028e+02
 0.0157091   1.0157784619e+02
 0.0158414   1.0155516123e+02
 0.0159789   1.0153131241e+02
 0.0160694   1.0151565006e+02
 0.0162032   1.0149204422e+02
 0.0163423   1.0146750931e+02
 0.0164338   1.0145115599e+02
 0.0165693   1.0142686451e+02
 0.0167100   1.0140164490e+02
 0.0168026   1.0138483530e+02
 0.0169396   1.0135962614e+02
 0.0170821   1.0133348992e+02
 0.0171757   1.0131622505e+02
 0.0173144   1.0129033325e+02
 0.0174585   1.0126328223e+02
 0.0175533   1.0124532994e+02
 0.0176936   1.0121852400e+02
 0.0178393   1.0119056015e+02
 0.0179352   1.0117215484e+02
 0.0180771   1.0114466958e+02
 0.0182229   1.0111602765e+02
 0.0183188   1.0109717032e+02
 0.0184608   1.0106900728e+02
 0.0186083   1.0103968882e+02
 0.0187054   1.0102014790e+02
 0.0188492   1.0099130869e+02
 0.0189984   1.0096085040e+02
 0.0190966   1.0094085988e+02
 0.0192421   1.0091088151e+02
 0.0193931   1.0087975063e+02
 0.0194925   1.0085907945e+02
 0.0196910   1.0081728552e+02
 0.0198430   1.0078525524e+02
 0.0199431   1.0076390737e+02
 0.0200940   1.0073166210e+02
 0.0201969   1.0070962991e+02
 0.0203492   1.0067670656e+02
 0.0205020   1.0064333049e+02
 0.0207091   1.0059791973e+02
 0.0208618   1.0056410666e+02
 0.0210202   1.0052891609e+02
 0.0211245   1.0050553970e+02
 0.0212791   1.0047083231e+02
 0.0214394   1.0043451808e+02
 0.0215450   1.0041047002e+02
 0.0217015   1.0037463985e+02
 0.0218638   1.0033720520e+02
 0.0219706   1.0031248751e+02
 0.0221291   1.0027553783e+02
 0.0222933   1.0023698612e+02
 0.0225619   1.0017353506e+02
 0.0227281   1.0013386972e+02
 0.0229998   1.0006841017e+02
 0.0231661   1.0002809548e+02
 0.0234382   9.9961554221e+01
 0.0236065   9.9920132209e+01
 0.0238820   9.9851593493e+01
 0.0240523   9.9809067945e+01
 0.0243312   9.9738538483e+01
 0.0245036   9.9694683741e+01
 0.0247860   9.9622170589e+01
 0.0249606   9.9576991297e+01
 0.0252465   9.9502501711e+01
 0.0254232   9.9456231651e+01
 0.0257127   9.9379544076e+01
 0.0258917   9.9331730142e+01
 0.0261848   9.9253081697e+01
 0.0263660   9.9203958044e+01
 0.0266628   9.9122900105e+01
 0.0268463   9.9072472138e+01
 0.0271470   9.8989242296e+01
 0.0273328   9.8937287632e+01
 0.0276372   9.8851667569e+01
 0.0279496   9.8763165218e+01
 0.0281976   9.8692238594e+01
 0.0285124   9.8601381530e+01
 0.0288272   9.8509927626e+01
 0.0292045   9.8399071405e+01
 0.0293965   9.8342218205e+01
 0.0297122   9.8248063714e+01
 0.0300244   9.8154225378e+01
 0.0302182   9.8095706639e+01
 0.0304941   9.8011717594e+01
 0.0306902   9.7951705009e+01
 0.0310357   9.7845081652e+01
 0.0313103   9.7759731478e+01
 0.0315899   9.7672206743e+01
 0.0320106   9.7539606679e+01
 0.0323614   9.7427823346e+01
 0.0325783   9.7358304046e+01
 0.0329340   9.7243593677e+01
 0.0331540   9.7171968340e+01
 0.0335147   9.7054125329e+01
 0.0338850   9.6932184440e+01
 0.0341794   9.6834474484e+01
 0.0347010   9.6659601426e+01
 0.0349304   9.6582179148e+01
 0.0353067   9.6454390267e+01
 0.0357642   9.6297718971e+01
 0.0362251   9.6138424343e+01
 0.0365309   9.6032005806e+01
 0.0368462   9.5921508493e+01
 0.0371566   9.5812241394e+01
 0.0374766   9.5698911931e+01
 0.0381165   9.5470017022e+01
 0.0387663   9.5235090756e+01
 0.0390911   9.5116530404e+01
 0.0397560   9.4871987755e+01
 0.0400962   9.4746025324e+01
 0.0406911   9.4523762432e+01
 0.0411176   9.4363273864e+01
 0.0417290   9.4131287743e+01
 0.0419943   9.4029905577e+01
 0.0425241   9.3826388481e+01
 0.0432447   9.3547029191e+01
 0.0439695   9.3263132856e+01
 0.0442485   9.3153247536e+01
 0.0449909   9.2858571850e+01
 0.0454574   9.2672099044e+01
 0.0462215   9.2364269544e+01
 0.0465160   9.2245035005e+01
 0.0472999   9.1925076508e+01
 0.0477929   9.1722524625e+01
 0.0486015   9.1387963591e+01
 0.0495330   9.0998870126e+01
 0.0502684   9.0689080794e+01
 0.0511285   9.0324174269e+01
 0.0514610   9.0182236186e+01
 0.0523475   8.9801791354e+01
 0.0532503   8.9411421597e+01
 0.0541678   8.9011680419e+01
 0.0547461   8.8758305000e+01
 0.0553232   8.8504428081e+01
 0.0560854   8.8167393115e+01
 0.0570028   8.7759471663e+01
 0.0576414   8.7474002751e+01
 0.0580325   8.7298543914e+01
 0.0588939   8.6910650400e+01
 0.0597766   8.6511332234e+01
 0.0606088   8.6132886181e+01
 0.0611863   8.5869315308e+01
 0.0621372   8.5433854348e+01
 0.0627655   8.5144970628e+01
 0.0634126   8.4846513293e+01
 0.0641229   8.4518153444e+01
 0.0647764   8.4215106073e+01
 0.0655126   8.3872772635e+01
 0.0659676   8.3660797463e+01
 0.0665795   8.3375221365e+01
 0.0670610   8.3150142914e+01
 0.0677814   8.2812519904e+01
 0.0686355   8.2411344596e+01
 0.0690567   8.2213284683e+01
 0.0697086   8.1906053365e+01
 0.0705338   8.1516589253e+01
 0.0714528   8.1082102193e+01
 0.0722909   8.0685036537e+01
 0.0727843   8.0450917248e+01
 0.0734200   8.0149164594e+01
 0.0741612   7.9796896337e+01
 0.0746585   7.9560407707e+01
 0.0751388   7.9331743678e+01
 0.0758252   7.9004894960e+01
 0.0766503   7.8611484939e+01
 0.0771569   7.8370027651e+01
 0.0777587   7.8082911747e+01
 0.0786482   7.7658142773e+01
 0.0795253   7.7239419297e+01
 0.0801055   7.6962293264e+01
 0.0806800   7.6687750731e+01
 0.0810621   7.6505384119e+01
 0.0816338   7.6232120425e+01
 0.0821062   7.6006546501e+01
 0.0825776   7.5781465565e+01
 0.0833308   7.5421644923e+01
 0.0838899   7.5154847865e+01
 0.0846399   7.4796796896e+01
 0.0851968   7.4531008872e+01
 0.0855688   7.4353599875e+01
 0.0864057   7.3954737519e+01
 0.0870530   7.3646311410e+01
 0.0878876   7.3248881928e+01
 0.0886266   7.2897225635e+01
 0.0890441   7.2698759448e+01
 0.0896427   7.2414410568e+01
 0.0903781   7.2065266996e+01
 0.0910624   7.1740764435e+01
 0.0915661   7.1502133403e+01
 0.0923908   7.1111690007e+01
 0.0928470   7.0895880393e+01
 0.0934923   7.0591108220e+01
 0.0939499   7.0375095953e+01
 0.0945016   7.0115009950e+01
 0.0952392   6.9767634773e+01
 0.0956054   6.9595474469e+01
 0.0963473   6.9246846432e+01
 0.0971761   6.8857935890e+01
 0.0978761   6.8530200115e+01
 0.0983857   6.8291869224e+01
 0.0990383   6.7987019117e+01
 0.0995059   6.7768987948e+01
 0.1001563   6.7466005906e+01
 0.1004400   6.7333935712e+01
 0.1010984   6.7027959720e+01
 0.1018492   6.6679602164e+01
 0.1022288   6.6503882473e+01
 0.1028892   6.6198324888e+01
 0.1036491   6.5847455884e+01
 0.1042672   6.5562725609e+01
 0.1045984   6.5410278764e+01
 0.1051745   6.5145586747e+01
 0.1056537   6.4925604218e+01
 0.1062257   6.4663617969e+01
 0.1066140   6.4485934825e+01
 0.1072898   6.4177234690e+01
 0.1080599   6.3826201654e+01
 0.1089257   6.3432671161e+01
 0.1095001   6.3172054300e+01
 0.1103600   6.2782990744e+01
 0.1112013   6.2403363716e+01
 0.1117489   6.2156850420e+01
 0.1125476   6.1798224823e+01
 0.1131702   6.1519245438e+01
 0.1136863   6.1288359954e+01
 0.1140976   6.1104753997e+01
 0.1147183   6.0828204873e+01
 0.1155424   6.0461789927e+01
 0.1161118   6.0209358494e+01
 0.1166858   5.9955495977e+01
 0.1174124   5.9634694669e+01
 0.1179914   5.9379836849e+01
 0.1184650   5.9171693635e+01
 0.1190938   5.8896027109e+01
 0.1196786   5.8640140204e+01
 0.1203693   5.8338599626e+01
 0.1211679   5.7991053704e+01
 0.1220813   5.7594896212e+01
 0.1228884   5.7246112538e+01
 0.1235407   5.6964855492e+01
 0.1243518   5.6616367287e+01
 0.1250126   5.6333274977e+01
 0.1256703   5.6052243502e+01
 0.1261070   5.5866054409e+01
 0.1267752   5.5581850276e+01
 0.1276613   5.5206218503e+01
 0.1282203   5.4969906720e+01
 0.1286139   5.4803841296e+01
 0.1292864   5.4520897953e+01
 0.1301902   5.4141838616e+01
 0.1307015   5.3928085167e+01
 0.1312111   5.3715422990e+01
 0.1320123   5.3382142466e+01
 0.1325296   5.3167593073e+01
 0.1333309   5.2836129992e+01
 0.1340887   5.2523904135e+01
 0.1345533   5.2332923907e+01
 0.1353082   5.2023432080e+01
 0.1359567   5.1758537939e+01
 0.1363681   5.1590887624e+01
 0.1371309   5.1280824593e+01
 0.1376083   5.1087305821e+01
 0.1382034   5.0846726689e+01
 0.1386187   5.0679229094e+01
 0.1393363   5.0390538560e+01
 0.1398784   5.0173107484e+01
 0.1403589   4.9980891697e+01
 0.1409592   4.9741284943e+01
 0.1414468   4.9547186679e+01
 0.1419939   4.9329986885e+01
 0.1426606   4.9066039034e+01
 0.1433954   4.8776091869e+01
 0.1443143   4.8414895634e+01
 0.1449884   4.8150965521e+01
 0.1459142   4.7789996641e+01
 0.1465906   4.7527174919e+01
 0.1470223   4.7359924350e+01
 0.1476401   4.7121271418e+01
 0.1485636   4.6765760372e+01
 0.1491773   4.6530422931e+01
 0.1497284   4.6319727952e+01
 0.1502069   4.6137281346e+01
 0.1511611   4.5774751995e+01
 0.1517531   4.5550694192e+01
 0.1526838   4.5199746593e+01
 0.1532762   4.4977260536e+01
 0.1542211   4.4623743441e+01
 0.1548703   4.4381911185e+01
 0.1552832   4.4228478551e+01
 0.1559683   4.3974610355e+01
 0.1569234   4.3622243735e+01
 0.1573317   4.3472138028e+01
 0.1580099   4.3223506893e+01
 0.1586850   4.2976891504e+01
 0.1592291   4.2778741107e+01
 0.1598420   4.2556313544e+01
 0.1604536   4.2335042491e+01
 0.1610640   4.2114824961e+01
 0.1620788   4.1750434540e+01
 0.1629024   4.1456153146e+01
 0.1635873   4.1212503781e+01
 0.1646885   4.0822537814e+01
 0.1657305   4.0455726072e+01
 0.1663544   4.0237130356e+01
 0.1673918   3.9875211538e+01
 0.1681643   3.9607187106e+01
 0.1691571   3.9264403130e+01
 0.1697986   3.9043882759e+01
 0.1704392   3.8824511497e+01
 0.1715046   3.8461480717e+01
 0.1721427   3.8245117541e+01
 0.1728003   3.8022966770e+01
 0.1734570   3.7801932301e+01
 0.1743312   3.7509130770e+01
 0.1752039   3.7218254390e+01
 0.1756453   3.7071742513e+01
 0.1765326   3.6778329554e+01
 0.1769785   3.6631440731e+01
 0.1778693   3.6339253370e+01
 0.1783141   3.6193951492e+01
 0.1792029   3.5904757677e+01
 0.1798033   3.5710258995e+01
 0.1807028   3.5420280816e+01
 0.1816011   3.5132252870e+01
 0.1828201   3.4743934691e+01
 0.1840372   3.4359196565e+01
 0.1846568   3.4164415892e+01
 0.1858946   3.3777694233e+01
 0.1865189   3.3583735437e+01
 0.1877723   3.3196783032e+01
 0.1890302   3.2811569137e+01
 0.1903112   3.2422462752e+01
 0.1915910   3.2036937944e+01
 0.1928948   3.1647615972e+01
 0.1935463   3.1454298217e+01
 0.1948615   3.1066691157e+01
 0.1955252   3.0872372094e+01
 0.1968521   3.0486460122e+01
 0.1975286   3.0291096881e+01
 0.1988811   2.9903154176e+01
 0.1995572   2.9710571104e+01
 0.2005915   2.9417787059e+01
 0.2016257   2.9127083445e+01
 0.2030184   2.8738956829e+01
 0.2044249   2.8350844503e+01
 0.2051283   2.8158272015e+01
 0.2065627   2.7768473104e+01
 0.2078141   2.7431717523e+01
 0.2090662   2.7097797937e+01
 0.2101353   2.6815197501e+01
 0.2112050   2.6534627789e+01
 0.2122755   2.6256086834e+01
 0.2137873   2.5866460200e+01
 0.2152926   2.5482908803e+01
 0.2167999   2.5103252821e+01
 0.2183009   2.4729537835e+01
 0.2197668   2.4368735830e+01
 0.2212353   2.4011483894e+01
 0.2224910   2.3709205449e+01
 0.2250088   2.3112131509e+01
 0.2267607   2.2703823400e+01
 0.2285175   2.2300161076e+01
 0.2303255   2.1890717680e+01
 0.2320826   2.1498690126e+01
 0.2338454   2.1111106663e+01
 0.2355372   2.0744501357e+01
 0.2372349   2.0381915653e+01
 0.2389154   2.0028157592e+01
 0.2406022   1.9678183225e+01
 0.2422923   1.9332632706e+01
 0.2457059   1.8650135867e+01
 0.2474358   1.8312093620e+01
 0.2509352   1.7644160513e+01
 0.2545023   1.6984900224e+01
 0.2563086   1.6659232909e+01
 0.2599897   1.6012347257e+01
 0.2618666   1.5691049772e+01
 0.2656769   1.5056256332e+01
 0.2676113   1.4742766937e+01
 0.2715653   1.4119977348e+01
 0.2756243   1.3505323763e+01
 0.2797963   1.2898850226e+01
 0.2840902   1.2300733232e+01
 0.2885154   1.1711135342e+01
 0.2930822   1.1130328954e+01
 0.2978006   1.0558689044e+01
 0.3026788   9.9969150119e+00
 0.3077179   9.4466538072e+00
 0.3125531   8.9461257813e+00
 0.3170029   8.5082844332e+00
 0.3209086   8.1412670366e+00
 0.3242130   7.8428697040e+00
 0.3270451   7.5957209266e+00
 0.3300818   7.3392553823e+00
 0.3348972   6.9501151489e+00
 0.3383044   6.6872721821e+00
 0.3438783   6.2786171214e+00
 0.3500552   5.8550687647e+00
 0.3564737   5.4455656735e+00
 0.3631593   5.0500537438e+00
 0.3701378   4.6685928438e+00
 0.3737228   4.4843035186e+00
 0.3773851   4.3037991951e+00
 0.3840395   3.9948824071e+00
 0.3895735   3.7556057905e+00
 0.3939129   3.5784998224e+00
 0.3971213   3.4531941778e+00
 0.4004528   3.3279439255e+00
 0.4028820   3.2396418456e+00
 0.4063579   3.1175612879e+00
 0.4105281   2.9774741521e+00
 0.4147584   2.8421631218e+00
 0.4191023   2.7099857050e+00
 0.4222914   2.6171041131e+00
 0.4255442   2.5258525823e+00
 0.4300529   2.4049275638e+00
 0.4339708   2.3048623832e+00
 0.4379869   2.2068915917e+00
 0.4417344   2.1194930655e+00
 0.4455717   2.0338269602e+00
 0.4531747   1.8748822607e+00
 0.4569972   1.8000600773e+00
 0.4609136   1.7267203208e+00
 0.4647702   1.6576353510e+00
 0.4687226   1.5899226634e+00
 0.4728870   1.5217944644e+00
 0.4771633   1.4551072347e+00
 0.4847470   1.3444913114e+00
 0.4899655   1.2736790341e+00
 0.4930426   1.2338319157e+00
 0.4964384   1.1914203122e+00
 0.4996269   1.1530416630e+00
 0.5068887   1.0705550390e+00
 0.5136947   9.9905408519e-01
 0.5202462   9.3512356220e-01
 0.5266708   8.7674843634e-01
 0.5329851   8.2323912048e-01
 0.5391949   7.7408205566e-01
 0.5453023   7.2885476937e-01
 0.5513077   6.8719343203e-01
 0.5572112   6.4877334727e-01
 0.5630124   6.1330428641e-01
 0.5687106   5.8052643411e-01
 0.5743046   5.5021065958e-01
 0.5797926   5.2215326744e-01
 0.5851710   4.9617856643e-01
 0.5904326   4.7214022211e-01
 0.5955626   4.4993419417e-01
 0.6005285   4.2953345964e-01
 0.6052610   4.1103991773e-01
 0.6096373   3.9472169765e-01
 0.6134957   3.8093072213e-01
 0.6169246   3.6912290917e-01
 0.6194898   3.6055705683e-01
 0.6220945   3.5208538665e-01
 0.6252509   3.4211490846e-01
 0.6274716   3.3529030818e-01
 0.6297216   3.2852997452e-01
 0.6319430   3.2200602664e-01
 0.6341937   3.1554332678e-01
 0.6363818   3.0940120445e-01
 0.6385982   3.0331647487e-01
 0.6407427   2.9755825283e-01
 0.6429142   2.9185356325e-01
 0.6450117   2.8646066779e-01
 0.6471350   2.8111757641e-01
 0.6491842   2.7606859182e-01
 0.6502180   2.7356151486e-01
 0.6522550   2.6869711287e-01
 0.6542662   2.6399214210e-01
 0.6562515   2.5944123320e-01
 0.6572278   2.5723674174e-01
 0.6582096   2.5504217301e-01
 0.6591970   2.5285701107e-01
 0.6601374   2.5079622778e-01
 0.6610828   2.4874422117e-01
 0.6620334   2.4670105118e-01
 0.6629892   2.4466621305e-01
 0.6638779   2.4279235073e-01
 0.6652194   2.3999599812e-01
 0.6661195   2.3814090515e-01
 0.6671887   2.3595870283e-01
 0.6684303   2.3345544088e-01
 0.6693672   2.3158690568e-01
 0.6699947   2.3034564196e-01
 0.6709401   2.2848989600e-01
 0.6715732   2.2725738236e-01
 0.6722242   2.2599821033e-01
 0.6730463   2.2441971164e-01
 0.6735966   2.2337059446e-01
 0.6744251   2.2180227687e-01
 0.6752577   2.2023939227e-01
 0.6758149   2.1920022722e-01
 0.6763738   2.1816445828e-01
 0.6770258   2.1696316120e-01
 0.6777716   2.1559912800e-01
 0.6785207   2.1423923061e-01
 0.6788964   2.1356102666e-01
 0.6796503   2.1220860967e-01
 0.6803328   2.1099249125e-01
 0.6810179   2.0978092691e-01
 0.6814762   2.0897483933e-01
 0.6819356   2.0817089049e-01
 0.6821658   2.0776959824e-01
 0.6826270   2.0696790328e-01
 0.6828581   2.0656797875e-01
 0.6833211   2.0576902512e-01
 0.6838548   2.0485284508e-01
 0.6843901   2.0393933555e-01
 0.6846584   2.0348340673e-01
 0.6851962   2.0257320532e-01
 0.6854656   2.0211893444e-01
 0.6857355   2.0166521792e-01
 0.6860059   2.0121251989e-01
 0.6862766   2.0075991355e-01
 0.6865477   2.0030832530e-01
 0.6868192   1.9985683247e-01
 0.6870912   1.9940635730e-01
 0.6873636   1.9895643939e-01
 0.6876364   1.9850707953e-01
 0.6880443   1.9783767521e-01
 0.6884531   1.9716962026e-01
 0.6888629   1.9650246378e-01
 0.6892736   1.9583711381e-01
 0.6894793   1.9550505903e-01
 0.6896852   1.9517356728e-01
 0.6898914   1.9484174031e-01
 0.6900978   1.9451092538e-01
 0.6903045   1.9418022501e-01
 0.6905114   1.9384964053e-01
 0.6907185   1.9351961886e-01
 0.6909259   1.9318971420e-01
 0.6912684   1.9264688895e-01
 0.6916115   1.9210514660e-01
 0.6919553   1.9156448659e-01
 0.6922998   1.9102446850e-01
 0.6926449   1.9048553412e-01
 0.6929906   1.8994768284e-01
 0.6933371   1.8941091410e-01
 0.6936842   1.8887479240e-01
 0.6940319   1.8834018818e-01
 0.6943804   1.8780623225e-01
 0.6947295   1.8727379012e-01
 0.6950793   1.8674199752e-01
 0.6954297   1.8621128625e-01
 0.6957809   1.8568165569e-01
 0.6961327   1.8515310520e-01
 0.6964852   1.8462563414e-01
 0.6967510   1.8422942643e-01
 0.6970172   1.8383364570e-01
 0.6972837   1.8343871522e-01
 0.6975507   1.8304421170e-01
 0.6978181   1.8265013603e-01
 0.6980858   1.8225690877e-01
 0.6983539   1.8186452808e-01
 0.6986225   1.8147257430e-01
 0.6988914   1.8108146525e-01
 0.6991607   1.8069078306e-01
 0.6994304   1.8030052861e-01
 0.6997005   1.7991111703e-01
 0.6999710   1.7952254649e-01
 0.7002419   1.7913440271e-01
 0.7005132   1.7874709814e-01
 0.7007849   1.7836063095e-01
 0.7010553   1.7797704837e-01
 0.7013260   1.7759429071e-01
 0.7015971   1.7721194817e-01
 0.7018686   1.7683042878e-01
 0.7021406   1.7644973075e-01
 0.7024129   1.7606944692e-01
 0.7026856   1.7569038721e-01
 0.7029587   1.7531133624e-01
 0.7032322   1.7493350587e-01
 0.7035061   1.7455608787e-01
 0.7037804   1.7417948415e-01
 0.7040551   1.7380369294e-01
 0.7043303   1.7342831317e-01
 0.7046058   1.7305414261e-01
 0.7048817   1.7268038171e-01
 0.7051580   1.7230742806e-01
 0.7054347   1.7193527991e-01
 0.7057119   1.7156393552e-01
 0.7059894   1.7119299897e-01
 0.7062674   1.7082325775e-01
 0.7065457   1.7045392262e-01
 0.7068245   1.7008538602e-01
 0.7071036   1.6971803701e-01
 0.7073832   1.6935109146e-01
 0.7076632   1.6898493928e-01
 0.7079436   1.6861996701e-01
 0.7082244   1.6825539559e-01
 0.7085056   1.6789199898e-01
 0.7087872   1.6752900149e-01
 0.7090692   1.6716717374e-01
 0.7093517   1.6680612747e-01
 0.7096299   1.6645160992e-01
 0.7099086   1.6609784583e-01
 0.7101830   1.6575093999e-01
 0.7104579   1.6540475868e-01
 0.7107331   1.6505930039e-01
 0.7110087   1.6471494288e-01
 0.7112847   1.6437092532e-01
 0.7115611   1.6402800394e-01
 0.7118379   1.6368617490e-01
 0.7121150   1.6334468209e-01
 0.7123926   1.6300427707e-01
 0.7126705   1.6266458143e-01
 0.7132276   1.6198805841e-01
 0.7135067   1.6165048055e-01
 0.7140661   1.6098855416e-01
 0.7144398   1.6054692802e-01
 0.7148143   1.6010577605e-01
 0.7151893   1.5966436570e-01
 0.7155650   1.5922343906e-01
 0.7160399   1.5866677700e-01
 0.7165158   1.5811060483e-01
 0.7172317   1.5727619729e-01
 0.7179499   1.5644259096e-01
 0.7186705   1.5560874496e-01
 0.7193935   1.5477542314e-01
 0.7198769   1.5421975186e-01
 0.7206040   1.5338680453e-01
 0.7213336   1.5255414071e-01
 0.7218214   1.5199909424e-01
 0.7225552   1.5116665390e-01
 0.7232915   1.5033461856e-01
 0.7237454   1.4982317629e-01
 0.7242003   1.4931209875e-01
 0.7248845   1.4854498697e-01
 0.7255709   1.4777841357e-01
 0.7262596   1.4701207247e-01
 0.7269505   1.4624566445e-01
 0.7274125   1.4573470963e-01
 0.7281073   1.4496861842e-01
 0.7285718   1.4445813378e-01
 0.7292705   1.4369213578e-01
 0.7299717   1.4292657938e-01
 0.7308927   1.4192503173e-01
 0.7315464   1.4121668097e-01
 0.7322023   1.4050863023e-01
 0.7326407   1.4003674258e-01
 0.7333002   1.3932883315e-01
 0.7339618   1.3862067204e-01
 0.7344040   1.3814908093e-01
 0.7350693   1.3744121952e-01
 0.7361830   1.3626176184e-01
 0.7368542   1.3555420678e-01
 0.7379607   1.3439310873e-01
 0.7390034   1.3330486518e-01
 0.7396317   1.3265175496e-01
 0.7402620   1.3199910909e-01
 0.7413171   1.3091095769e-01
 0.7419529   1.3025787833e-01
 0.7430173   1.2916980383e-01
 0.7436588   1.2851682861e-01
 0.7447274   1.2743420091e-01
 0.7453589   1.2679700633e-01
 0.7464160   1.2573523563e-01
 0.7470530   1.2509818248e-01
 0.7481197   1.2403607073e-01
 0.7491924   1.2297391515e-01
 0.7500550   1.2212427542e-01
 0.7513566   1.2084926127e-01
 0.7524912   1.1974489293e-01
 0.7530611   1.1919251949e-01
 0.7542063   1.1808779139e-01
 0.7553587   1.1698279675e-01
 0.7563246   1.1606171936e-01
 0.7571007   1.1532487698e-01
 0.7584457   1.1405517626e-01
 0.7594064   1.1315376267e-01
 0.7600498   1.1255246218e-01
 0.7613436   1.1134968685e-01
 0.7626471   1.1014606843e-01
 0.7633930   1.0946089631e-01
 0.7648947   1.0808987137e-01
 0.7656504   1.0740413456e-01
 0.7671719   1.0603152312e-01
 0.7687072   1.0465765511e-01
 0.7701508   1.0337582774e-01
 0.7708772   1.0273466285e-01
 0.7723397   1.0145115599e-01
 0.7730758   1.0080892882e-01
 0.7745580   9.9523582338e-02
 0.7759530   9.8322972575e-02
 0.7773601   9.7120967476e-02
 0.7787796   9.5917532961e-02
 0.7802118   9.4712870687e-02
 0.7815610   9.3586455697e-02
 0.7829218   9.2458533342e-02
 0.7842946   9.1329062583e-02
 0.7856795   9.0198226828e-02
 0.7869853   8.9139665490e-02
 0.7883022   8.8079735136e-02
 0.7896307   8.7018180860e-02
 0.7909709   8.5955169289e-02
 0.7922363   8.4958336450e-02
 0.7935126   8.3960110213e-02
 0.7948000   8.2960240043e-02
 0.7960988   8.1958688458e-02
 0.7985364   8.0098429334e-02
 0.8010161   7.8231741844e-02
 0.8033800   7.6475971028e-02
 0.8057846   7.4713830018e-02
 0.8080782   7.3055009237e-02
 0.8104112   7.1389772832e-02
 0.8126374   6.9821150378e-02
 0.8149018   6.8245968287e-02
 0.8170637   6.6761333077e-02
 0.8192624   6.5270208498e-02
 0.8213624   6.3863835851e-02
 0.8234982   6.2450942922e-02
 0.8255388   6.1117418209e-02
 0.8276141   5.9777534669e-02
 0.8295976   5.8512277139e-02
 0.8316148   5.7240840219e-02
 0.8335434   5.6039467517e-02
 0.8355047   5.4831862750e-02
 0.8373803   5.3690320938e-02
 0.8392878   5.2542774282e-02
 0.8411124   5.1457656079e-02
 0.8429679   5.0366526383e-02
 0.8447444   4.9333508192e-02
 0.8465509   4.8294758644e-02
 0.8482620   4.7321554212e-02
 0.8500017   4.6342664479e-02
 0.8516678   4.5415280408e-02
 0.8533617   4.4482480803e-02
 0.8549843   4.3598244240e-02
 0.8566340   4.2708763701e-02
 0.8582145   4.1865376382e-02
 0.8598214   4.1016821242e-02
 0.8613613   4.0212030196e-02
 0.8629268   3.9402066532e-02
 0.8644273   3.8633584081e-02
 0.8659527   3.7860208383e-02
 0.8674150   3.7126242752e-02
 0.8689015   3.6387481697e-02
 0.8703269   3.5686092758e-02
 0.8717758   3.4980096239e-02
 0.8731654   3.4309548267e-02
 0.8745778   3.3634424414e-02
 0.8759326   3.2993090629e-02
 0.8773098   3.2347371775e-02
 0.8786308   3.1733794132e-02
 0.8799736   3.1115945346e-02
 0.8812626   3.0528396947e-02
 0.8825729   2.9936636222e-02
 0.8838171   2.9380014108e-02
 0.8850816   2.8819404323e-02
 0.8862956   2.8286030153e-02
 0.8875294   2.7748914578e-02
 0.8887140   2.7237735612e-02
 0.8899179   2.6722802380e-02
 0.8910739   2.6232700445e-02
 0.8922488   2.5738901033e-02
 0.8933771   2.5268880408e-02
 0.8945238   2.4795336128e-02
 0.8956251   2.4344395782e-02
 0.8967444   2.3890101780e-02
 0.8978195   2.3457406828e-02
 0.8989120   2.3021467277e-02
 0.8999616   2.2606222615e-02
 0.9010282   2.2187787610e-02
 0.9020529   2.1789135518e-02
 0.9030943   2.1387400397e-02
 0.9040949   2.1004628270e-02
 0.9051116   2.0618829149e-02
 0.9060887   2.0251164433e-02
 0.9070817   1.9880623468e-02
 0.9080347   1.9527785680e-02
 0.9090031   1.9172202172e-02
 0.9099568   1.8824827272e-02
 0.9109263   1.8474555584e-02
 0.9121714   1.8029056511e-02
 0.9136211   1.7516365553e-02
 0.9145263   1.7199586261e-02
 0.9154465   1.6880138280e-02
 0.9163301   1.6575857327e-02
 0.9172284   1.6269005276e-02
 0.9180910   1.5976733831e-02
 0.9189680   1.5681947659e-02
 0.9198101   1.5401109193e-02
 0.9206662   1.5117848888e-02
 0.9214885   1.4847967217e-02
 0.9223243   1.4575719433e-02
 0.9231276   1.4316142084e-02
 0.9239441   1.4054260531e-02
 0.9247203   1.3807244009e-02
 0.9255093   1.3558074001e-02
 0.9262674   1.3320422497e-02
 0.9270380   1.3080730558e-02
 0.9277786   1.2852097157e-02
 0.9285313   1.2621471762e-02
 0.9292548   1.2401465231e-02
 0.9299901   1.2179543195e-02
 0.9306968   1.1967818660e-02
 0.9314151   1.1754197942e-02
 0.9321056   1.1550399349e-02
 0.9328073   1.1344751830e-02
 0.9334819   1.1148514422e-02
 0.9341676   1.0950501273e-02
 0.9348267   1.0761504708e-02
 0.9354966   1.0570827844e-02
 0.9361406   1.0388838620e-02
 0.9367951   1.0205187772e-02
 0.9374244   1.0029909168e-02
 0.9380640   9.8530344216e-03
 0.9386790   9.6841609774e-03
 0.9393040   9.5137339001e-03
 0.9399052   9.3509557099e-03
 0.9405163   9.1866675442e-03
 0.9410978   9.0314191824e-03
 0.9416887   8.8747882560e-03
 0.9422571   8.7251318795e-03
 0.9428347   8.5741287375e-03
 0.9433904   8.4298529718e-03
 0.9439551   8.2842271776e-03
 0.9444983   8.1450733561e-03
 0.9450504   8.0046620297e-03
 0.9455815   7.8704578970e-03
 0.9461212   7.7350121461e-03
 0.9466405   7.6055565532e-03
 0.9471682   7.4748761276e-03
 0.9476759   7.3499942613e-03
 0.9481919   7.2239378344e-03
 0.9486883   7.1034446371e-03
 0.9491928   6.9818417356e-03
 0.9496783   6.8656079488e-03
 0.9501716   6.7482785384e-03
 0.9506463   6.6361164747e-03
 0.9511286   6.5228891773e-03
 0.9515929   6.4146505152e-03
 0.9520646   6.3053761542e-03
 0.9525188   6.2008182203e-03
 0.9529803   6.0952847623e-03
 0.9534199   5.9954115467e-03
 0.9538665   5.8945818157e-03
 0.9542965   5.7981173375e-03
 0.9547334   5.7007369271e-03
 0.9551541   5.6075609147e-03
 0.9555815   5.5135078849e-03
 0.9564112   5.3326244552e-03
 0.9572230   5.1579009751e-03
 0.9580173   4.9890976003e-03
 0.9587945   4.8260186956e-03
 0.9595549   4.6683993509e-03
 0.9602990   4.5160526867e-03
 0.9610272   4.3687681765e-03
 0.9617398   4.2263747204e-03
 0.9624366   4.0888577325e-03
 0.9631322   3.9532474548e-03
 0.9635963   3.8637053564e-03
 0.9638756   3.8101844477e-03
 0.9645477   3.6825529491e-03
 0.9652051   3.5592295629e-03
 0.9658485   3.4399885736e-03
 0.9664714   3.3259521745e-03
 0.9670811   3.2156961079e-03
 0.9676777   3.1090807370e-03
 0.9682616   3.0059932428e-03
 0.9688332   2.9063037348e-03
 0.9693928   2.8099138180e-03
 0.9699405   2.7167019845e-03
 0.9704768   2.6265217409e-03
 0.9710019   2.5392706913e-03
 0.9715161   2.4548671817e-03
 0.9720196   2.3732036084e-03
 0.9725130   2.2941668497e-03
 0.9729911   2.2185080044e-03
 0.9734595   2.1452899587e-03
 0.9739186   2.0744453591e-03
 0.9743663   2.0062174335e-03
 0.9748033   1.9404256195e-03
 0.9752304   1.8769253500e-03
 0.9756484   1.8155616475e-03
 0.9760580   1.7561879786e-03
 0.9764599   1.6986738455e-03
 0.9768550   1.6428995097e-03
 0.9772440   1.5887296473e-03
 0.9776278   1.5360133843e-03
 0.9780004   1.4855353815e-03
 0.9783658   1.4367030046e-03
 0.9787241   1.3894790403e-03
 0.9790756   1.3438165951e-03
 0.9794203   1.2996757029e-03
 0.9797584   1.2570194569e-03
 0.9800900   1.2158024102e-03
 0.9804153   1.1759855897e-03
 0.9807343   1.1375251305e-03
 0.9810471   1.1003579866e-03
 0.9813540   1.0644542493e-03
 0.9816551   1.0297575860e-03
 0.9819473   9.9659797411e-04
 0.9822340   9.6456167039e-04
 0.9825148   9.3365193151e-04
 0.9827975   9.0302339104e-04
 0.9829183   8.9007581374e-04
 0.9831030   8.7045635437e-04
 0.9833757   8.4186411920e-04
 0.9836429   8.1425981086e-04
 0.9839048   7.8760234403e-04
 0.9841616   7.6186320612e-04
 0.9844132   7.3700256612e-04
 0.9846598   7.1299092146e-04
 0.9849015   6.8979652153e-04
 0.9851384   6.6738278511e-04
 0.9853706   6.4572410648e-04
 0.9855981   6.2477695192e-04
 0.9858212   6.0450375094e-04
 0.9860376   5.8509313165e-04
 0.9862497   5.6630448350e-04
 0.9864577   5.4811287041e-04
 0.9866617   5.3049830424e-04
 0.9868616   5.1343917273e-04
 0.9870577   4.9691487796e-04
 0.9872499   4.8090799811e-04
 0.9874385   4.6538566303e-04
 0.9876234   4.5033219862e-04
 0.9878048   4.3573455289e-04
 0.9879828   4.2158000047e-04
 0.9881575   4.0785050088e-04
 0.9883271   3.9467807381e-04
 0.9884936   3.8190117977e-04
 0.9886570   3.6950898229e-04
 0.9888174   3.5748761462e-04
 0.9889749   3.4581911895e-04
 0.9891296   3.3449143370e-04
 0.9892815   3.2349606330e-04
 0.9894308   3.1282683445e-04
 0.9895774   3.0247675136e-04
 0.9897214   2.9243813125e-04
 0.9898630   2.8270403034e-04
 0.9900022   2.7326436420e-04
 0.9901376   2.6420254697e-04
 0.9902707   2.5540829623e-04
 0.9904016   2.4687493578e-04
 0.9905304   2.3859756106e-04
 0.9906571   2.3057169914e-04
 0.9907817   2.2279272222e-04
 0.9909042   2.1526627709e-04
 0.9910287   2.0773706910e-04
 0.9910914   2.0399569385e-04
 0.9911970   1.9775751676e-04
 0.9913167   1.9079324741e-04
 0.9914345   1.8405219449e-04
 0.9915504   1.7752969216e-04
 0.9916645   1.7122217125e-04
 0.9917768   1.6512430397e-04
 0.9918875   1.5923260496e-04
 0.9919964   1.5353910333e-04
 0.9921026   1.4809111398e-04
 0.9922072   1.4282163483e-04
 0.9923102   1.3772570368e-04
 0.9924117   1.3279997706e-04
 0.9925118   1.2804157275e-04
 0.9926104   1.2344627796e-04
 0.9927076   1.1900932720e-04
 0.9928033   1.1472762414e-04
 0.9928978   1.1059029079e-04
 0.9929908   1.0659160460e-04
 0.9930826   1.0272945876e-04
 0.9931732   9.8998587915e-05
 0.9932615   9.5435070794e-05
 0.9933486   9.1995376259e-05
 0.9934346   8.8676797401e-05
 0.9935194   8.5475175269e-05
 0.9936031   8.2381368106e-05
 0.9936856   7.9392229863e-05
 0.9937671   7.6506264925e-05
 0.9938475   7.3720623559e-05
 0.9939268   7.1032483644e-05
 0.9940051   6.8439527098e-05
 0.9940824   6.5940008684e-05
 0.9941588   6.3528265787e-05
 0.9942334   6.1223055440e-05
 0.9943070   5.8996194671e-05
 0.9943798   5.6846535258e-05
 0.9944516   5.4772807221e-05
 0.9945226   5.2772661787e-05
 0.9945927   5.0843799800e-05
 0.9946619   4.8983972205e-05
 0.9947303   4.7189785144e-05
 0.9947979   4.5457966055e-05
 0.9948646   4.3788795580e-05
 0.9949326   4.2128500369e-05
 0.9949683   4.1273946795e-05
 0.9950344   3.9719612233e-05
 0.9950997   3.8223108217e-05
 0.9951643   3.6783580413e-05
 0.9952281   3.5396962846e-05
 0.9952911   3.4059478971e-05
 0.9953535   3.2769740329e-05
 0.9954151   3.1526444899e-05
 0.9954760   3.0329482488e-05
 0.9955362   2.9177763514e-05
 0.9955951   2.8081609772e-05
 0.9956534   2.7026512004e-05
 0.9957110   2.6008781131e-05
 0.9957680   2.5027127147e-05
 0.9958243   2.4080638606e-05
 0.9958801   2.3169838145e-05
 0.9959352   2.2293794830e-05
 0.9959898   2.1451220151e-05
 0.9960437   2.0640775013e-05
 0.9960971   1.9860080294e-05
 0.9961499   1.9107153826e-05
 0.9962021   1.8380909637e-05
 0.9962533   1.7688825596e-05
 0.9963039   1.7023152902e-05
 0.9963541   1.6382946008e-05
 0.9964037   1.5767251681e-05
 0.9964527   1.5174975550e-05
 0.9965013   1.4604106790e-05
 0.9965494   1.4053872202e-05
 0.9965970   1.3523745833e-05
 0.9966441   1.3013226832e-05
 0.9966907   1.2522268165e-05
 0.9967369   1.2050192923e-05
 0.9967826   1.1596101285e-05
 0.9968278   1.1158838702e-05
 0.9968726   1.0737643973e-05
 0.9969170   1.0332061914e-05
 0.9969609   9.9415705771e-06
 0.9970043   9.5658815743e-06
 0.9970474   9.2046440777e-06
 0.9970900   8.8573131619e-06
 0.9971322   8.5232062911e-06
 0.9971741   8.2004181842e-06
 0.9972128   7.9104465426e-06
 0.9972477   7.6558426705e-06
 0.9972892   7.3606132649e-06
 0.9973303   7.0767849757e-06
 0.9973710   6.8041988937e-06
 0.9974113   6.5423985958e-06
 0.9974512   6.2906569161e-06
 0.9974907   6.0483233364e-06
 0.9975298   5.8152849488e-06
 0.9975686   5.5912125206e-06
 0.9976066   5.3781139538e-06
 0.9976442   5.1732444440e-06
 0.9976814   4.9763509413e-06
 0.9977183   4.7871606279e-06
 0.9977549   4.6050780997e-06
 0.9977911   4.4298599885e-06
 0.9978269   4.2612792961e-06
 0.9978624   4.0991989800e-06
 0.9978976   3.9434650851e-06
 0.9979324   3.7938136956e-06
 0.9979669   3.6500095436e-06
 0.9980011   3.5115673308e-06
 0.9980346   3.3797455119e-06
 0.9980678   3.2529246238e-06
 0.9981006   3.1309418379e-06
 0.9981332   3.0136443604e-06
 0.9981655   2.9008348213e-06
 0.9981974   2.7923830941e-06
 0.9982291   2.6881221534e-06
 0.9982604   2.5877659852e-06
 0.9982915   2.4911851133e-06
 0.9983222   2.3982640642e-06
 0.9983527   2.3088727601e-06
 0.9983829   2.2229310903e-06
 0.9984128   2.1403165023e-06
 0.9984424   2.0609003832e-06
 0.9984717   1.9845040977e-06
 0.9985008   1.9109529750e-06
 0.9985295   1.8401787023e-06
 0.9985580   1.7721031600e-06
 0.9985863   1.7066481724e-06
 0.9986142   1.6437698108e-06
 0.9986425   1.5819982546e-06
 0.9986638   1.5365829149e-06
 0.9986916   1.4790062185e-06
 0.9987191   1.4236492380e-06
 0.9987463   1.3704304507e-06
 0.9987733   1.3192922158e-06
 0.9987999   1.2701616619e-06
 0.9988264   1.2229480250e-06
 0.9988525   1.1775951274e-06
 0.9988784   1.1340076910e-06
 0.9989037   1.0925215193e-06
 0.9989288   1.0526160797e-06
 0.9989537   1.0142616388e-06
 0.9989783   9.7738349307e-07
 0.9990026   9.4193731091e-07
 0.9990267   9.0787069958e-07
 0.9990505   8.7512280227e-07
 0.9990741   8.4365328131e-07
 0.9990975   8.1338095622e-07
 0.9991205   7.8427974688e-07
 0.9991434   7.5630679098e-07
 0.9991660   7.2938528940e-07
 0.9991879   7.0404107923e-07
 0.9992093   6.7991559100e-07
 0.9992303   6.5694195716e-07
 0.9992509   6.3506766378e-07
 0.9992710   6.1421440837e-07
 0.9992906   5.9433731780e-07
 0.9993099   5.7538693980e-07
 0.9993287   5.5733587636e-07
 0.9993471   5.4012465262e-07
 0.9993646   5.2415290848e-07
 0.9993827   5.0809158243e-07
 0.9993994   4.9356800582e-07
 0.9994166   4.7896634677e-07
 0.9994326   4.6574800146e-07
 0.9994490   4.5245771718e-07
 0.9994642   4.4042098107e-07
 0.9994799   4.2833148610e-07
 0.9994948   4.1709501566e-07
 0.9995090   4.0662211971e-07
 0.9995235   3.9611017646e-07
 0.9995374   3.8628602804e-07
 0.9995579   3.7222453839e-07
 0.9995710   3.6346701139e-07
 0.9995834   3.5531210208e-07
 0.9995961   3.4713947315e-07
 0.9996080   3.3971599857e-07
 0.9996200   3.3228979209e-07
 0.9996315   3.2536662317e-07
 0.9996424   3.1893119491e-07
 0.9996536   3.1250574092e-07
 0.9996641   3.0654695038e-07
 0.9996743   3.0091996317e-07
 0.9996846   2.9531329545e-07
 0.9996943   2.9018435889e-07
 0.9997036   2.8539016332e-07
 0.9997130   2.8062670694e-07
 0.9997219   2.7619003177e-07
 0.9997305   2.7203764090e-07
 0.9997393   2.6793410628e-07
 0.9997477   2.6408881023e-07
 0.9997557   2.6052415743e-07
 0.9997638   2.5702063960e-07
 0.9997730   2.5315470304e-07
 0.9997825   2.4940031634e-07
 0.9997909   2.4619203603e-07
 0.9997951   2.4463128692e-07
 0.9997994   2.4310618046e-07
 0.9998041   2.4148769156e-07
 0.9998088   2.3991809258e-07
 0.9998153   2.3786853619e-07
 0.9998218   2.3592990890e-07
 0.9998272   2.3444555333e-07
 0.9998305   2.3357588337e-07
 0.9998338   2.3274105574e-07
 0.9998371   2.3194232167e-07
 0.9998405   2.3118145886e-07
 0.9998442   2.3037693712e-07
 0.9998480   2.2961539352e-07
 0.9998528   2.2869412078e-07
 0.9998577   2.2782007999e-07
 0.9998606   2.2730657596e-07
 0.9998647   2.2658804899e-07
 0.9998688   2.2583435003e-07
 0.9998727   2.2504947285e-07
 0.9998783   2.2376337303e-07
 0.9998806   2.2313977971e-07
 0.9998829   2.2245798546e-07
 0.9998856   2.2160777840e-07
 0.9998883   2.2067543940e-07
 0.9998907   2.1977029948e-07
 0.9998931   2.1879883235e-07
 0.9998954   2.1784470083e-07
 0.9998976   2.1684129886e-07
 0.9999003   2.1560607821e-07
 0.9999028   2.1436456649e-07
 0.9999054   2.1306543448e-07
 0.9999081   2.1162939968e-07
 0.9999114   2.0987369080e-07
 0.9999130   2.0896617823e-07
 0.9999146   2.0804199033e-07
 0.9999175   2.0636878155e-07
 0.9999204   2.0464069402e-07
 0.9999229   2.0317113184e-07
 0.9999253   2.0166382487e-07
 0.9999275   2.0032862031e-07
 0.9999296   1.9896926699e-07
 0.9999317   1.9768421843e-07
 0.9999337   1.9637355394e-07
 0.9999355   1.9523064990e-07
 0.9999373   1.9407205296e-07
 0.9999391   1.9290656153e-07
 0.9999409   1.9172069735e-07
 0.9999439   1.8971645460e-07
 0.9999465   1.8801868028e-07
 0.9999491   1.8629620154e-07
 0.9999512   1.8487492039e-07
 0.9999530   1.8367920880e-07
 0.9999548   1.8247400324e-07
 0.9999572   1.8086019718e-07
 0.9999598   1.7909480976e-07
 0.9999624   1.7731153927e-07
 0.9999638   1.7634737524e-07
 0.9999653   1.7538078111e-07
 0.9999669   1.7429944330e-07
 0.9999685   1.7320881879e-07
 0.9999703   1.7197962594e-07
 0.9999721   1.7074107050e-07
 0.9999741   1.6938267998e-07
 0.9999762   1.6801575196e-07
 0.9999776   1.6706173984e-07
 0.9999790   1.6610511262e-07
 0.9999805   1.6513380957e-07
 0.9999819   1.6415911420e-07
 0.9999835   1.6309813688e-07
 0.9999851   1.6203170427e-07
 0.9999867   1.6096149608e-07
 0.9999883   1.5988583892e-07
 0.9999892   1.5931915708e-07
 0.9999900   1.5875375264e-07
 0.9999909   1.5818598386e-07
 0.9999917   1.5761734220e-07
 0.9999926   1.5704749010e-07
 0.9999935   1.5647609523e-07
 0.9999943   1.5590426638e-07
 0.9999952   1.5532987759e-07
 0.9999964   1.5454537049e-07
 0.9999976   1.5375986889e-07
 0.9999988   1.5297976872e-07
 0.9999994   1.5258856894e-07
 1.0000000   1.5167241583e-07
 1.0000017   1.5018826490e-07
 1.0000035   1.4922342371e-07
 1.0000053   1.4825214988e-07
 1.0000070   1.4727532846e-07
 1.0000088   1.4629247923e-07
 1.0000106   1.4530447846e-07
 1.0000124   1.4431151966e-07
 1.0000142   1.4331346619e-07
 1.0000160   1.4231084586e-07
 1.0000179   1.4130352629e-07
 1.0000197   1.4029299929e-07
 1.0000216   1.3928039828e-07
 1.0000234   1.3826778320e-07
 1.0000253   1.3725526101e-07
 1.0000271   1.3624262418e-07
 1.0000290   1.3523060780e-07
 1.0000309   1.3421900038e-07
 1.0000328   1.3320882576e-07
 1.0000346   1.3219925265e-07
 1.0000365   1.3119128925e-07
 1.0000384   1.3018501576e-07
 1.0000403   1.2918021410e-07
 1.0000422   1.2817755998e-07
 1.0000440   1.2717683129e-07
 1.0000459   1.2617810480e-07
 1.0000478   1.2518203289e-07
 1.0000497   1.2418867686e-07
 1.0000516   1.2319781347e-07
 1.0000535   1.2220950921e-07
 1.0000554   1.2122438793e-07
 1.0000573   1.2024222390e-07
 1.0000592   1.1926307425e-07
 1.0000611   1.1828726764e-07
 1.0000630   1.1731485280e-07
 1.0000649   1.1634560974e-07
 1.0000668   1.1538012364e-07
 1.0000687   1.1441817069e-07
 1.0000706   1.1345979643e-07
 1.0000725   1.1250556370e-07
 1.0000744   1.1155498959e-07
 1.0000763   1.1060837196e-07
 1.0000782   1.0966574669e-07
 1.0000801   1.0872739928e-07
 1.0000820   1.0779335766e-07
 1.0000839   1.0686364908e-07
 1.0000858   1.0593830012e-07
 1.0000877   1.0501757848e-07
 1.0000896   1.0410126334e-07
 1.0000915   1.0318961688e-07
 1.0000934   1.0228265672e-07
 1.0000953   1.0138063334e-07
 1.0000972   1.0048332559e-07
 1.0000991   9.9590978634e-08
 1.0001010   9.8703374338e-08
 1.0001029   9.7820527402e-08
 1.0001048   9.6942898373e-08
 1.0001067   9.6070267508e-08
 1.0001086   9.5202641824e-08
 1.0001105   9.4340462277e-08
 1.0001124   9.3483292516e-08
 1.0001143   9.2631351395e-08
 1.0001162   9.1784849471e-08
 1.0001181   9.0943570318e-08
 1.0001199   9.0107512342e-08
 1.0001218   8.9276879102e-08
 1.0001237   8.8451662472e-08
 1.0001256   8.7631853995e-08
 1.0001275   8.6817244977e-08
 1.0001294   8.6008227975e-08
 1.0001313   8.5204591768e-08
 1.0001331   8.4406326601e-08
 1.0001350   8.3613422399e-08
 1.0001369   8.2826059495e-08
 1.0001388   8.2044221794e-08
 1.0001406   8.1267705851e-08
 1.0001425   8.0496685797e-08
 1.0001444   7.9731144828e-08
 1.0001463   7.8971611437e-08
 1.0001481   7.8217692557e-08
 1.0001500   7.7469365685e-08
 1.0001519   7.6726961528e-08
 1.0001538   7.5990097196e-08
 1.0001556   7.5259096461e-08
 1.0001575   7.4533926367e-08
 1.0001593   7.3814214069e-08
 1.0001612   7.3100441509e-08
 1.0001631   7.2392237498e-08
 1.0001649   7.1689904194e-08
 1.0001668   7.0993077019e-08
 1.0001686   7.0302051751e-08
 1.0001705   6.9616630619e-08
 1.0001723   6.8936939704e-08
 1.0001742   6.8262941750e-08
 1.0001760   6.7594443985e-08
 1.0001779   6.6931568108e-08
 1.0001797   6.6274429813e-08
 1.0001816   6.5622836723e-08
 1.0001834   6.4976752236e-08
 1.0001852   6.4336288019e-08
 1.0001871   6.3701403350e-08
 1.0001889   6.3071912485e-08
 1.0001907   6.2448067016e-08
 1.0001926   6.1829680169e-08
 1.0001944   6.1216712060e-08
 1.0001962   6.0609262570e-08
 1.0001981   6.0007149900e-08
 1.0001999   5.9410471625e-08
 1.0002017   5.8819184645e-08
 1.0002035   5.8233246141e-08
 1.0002053   5.7652613573e-08
 1.0002072   5.7077376103e-08
 1.0002090   5.6507357695e-08
 1.0002108   5.5942645488e-08
 1.0002126   5.5383194217e-08
 1.0002144   5.4828958961e-08
 1.0002162   5.4279895140e-08
 1.0002180   5.3735958514e-08
 1.0002198   5.3197227672e-08
 1.0002216   5.2663534098e-08
 1.0002234   5.2134954638e-08
 1.0002252   5.1611442805e-08
 1.0002270   5.1092952510e-08
 1.0002288   5.0579554523e-08
 1.0002306   5.0071084733e-08
 1.0002323   4.9567498258e-08
 1.0002341   4.9068976569e-08
 1.0002359   4.8575245029e-08
 1.0002377   4.8086370688e-08
 1.0002395   4.7602416510e-08
 1.0002412   4.7123224472e-08
 1.0002430   4.6648748831e-08
 1.0002448   4.6179050604e-08
 1.0002465   4.5714186947e-08
 1.0002483   4.5253898663e-08
 1.0002501   4.4798244942e-08
 1.0002518   4.4347281233e-08
 1.0002536   4.3900958257e-08
 1.0002553   4.3459127197e-08
 1.0002571   4.3021940966e-08
 1.0002588   4.2589152701e-08
 1.0002606   4.2160912320e-08
 1.0002623   4.1737074063e-08
 1.0002641   4.1317686872e-08
 1.0002658   4.0902702179e-08
 1.0002675   4.0491978726e-08
 1.0002693   4.0085656443e-08
 1.0002710   3.9683685581e-08
 1.0002727   3.9285836060e-08
 1.0002744   3.8892333397e-08
 1.0002762   3.8502949526e-08
 1.0002779   3.8117815182e-08
 1.0002796   3.7736793905e-08
 1.0002813   3.7359839344e-08
 1.0002830   3.6986990862e-08
 1.0002847   3.6618200644e-08
 1.0002864   3.6253421468e-08
 1.0002881   3.5892606691e-08
 1.0002898   3.5535710243e-08
 1.0002915   3.5182848644e-08
 1.0002932   3.4833731504e-08
 1.0002949   3.4488555103e-08
 1.0002965   3.4147192277e-08
 1.0002982   3.3809675306e-08
 1.0002999   3.3475879816e-08
 1.0003016   3.3145837739e-08
 1.0003032   3.2819427426e-08
 1.0003049   3.2496755286e-08
 1.0003065   3.2177700123e-08
 1.0003082   3.1862291019e-08
 1.0003098   3.1550482117e-08
 1.0003115   3.1242156244e-08
 1.0003131   3.0937413357e-08
 1.0003148   3.0636136792e-08
 1.0003164   3.0338283127e-08
 1.0003180   3.0043947887e-08
 1.0003197   2.9752947779e-08
 1.0003213   2.9465376856e-08
 1.0003229   2.9181122921e-08
 1.0003245   2.8900143553e-08
 1.0003261   2.8622528732e-08
 1.0003277   2.8348102866e-08
 1.0003293   2.8076889967e-08
 1.0003309   2.7808912141e-08
 1.0003325   2.7544126230e-08
 1.0003341   2.7282426885e-08
 1.0003357   2.7023836210e-08
 1.0003373   2.6768312888e-08
 1.0003388   2.6515877258e-08
 1.0003404   2.6266426995e-08
 1.0003420   2.6019982492e-08
 1.0003435   2.5776503123e-08
 1.0003451   2.5535948864e-08
 1.0003466   2.5298338542e-08
 1.0003481   2.5063573981e-08
 1.0003497   2.4831731290e-08
 1.0003512   2.4602656326e-08
 1.0003527   2.4376424262e-08
 1.0003543   2.4152939861e-08
 1.0003558   2.3932220744e-08
 1.0003573   2.3714228488e-08
 1.0003588   2.3498925262e-08
 1.0003603   2.3286273822e-08
 1.0003618   2.3076290632e-08
 1.0003633   2.2868938154e-08
 1.0003647   2.2664179441e-08
 1.0003662   2.2461978127e-08
 1.0003677   2.2262349678e-08
 1.0003691   2.2065257500e-08
 1.0003706   2.1870615225e-08
 1.0003720   2.1678488580e-08
 1.0003735   2.1488791893e-08
 1.0003749   2.1301539902e-08
 1.0003763   2.1116697567e-08
 1.0003778   2.0934182214e-08
 1.0003792   2.0754056753e-08
 1.0003806   2.0576286580e-08
 1.0003820   2.0400790687e-08
 1.0003834   2.0227583378e-08
 1.0003848   2.0056677899e-08
 1.0003862   1.9887994903e-08
 1.0003875   1.9721502547e-08
 1.0003889   1.9557214543e-08
 1.0003903   1.9395098967e-08
 1.0003916   1.9235124427e-08
 1.0003930   1.9077303986e-08
 1.0003943   1.8921606216e-08
 1.0003956   1.8767957011e-08
 1.0003970   1.8616369916e-08
 1.0003983   1.8466857587e-08
 1.0003996   1.8319347463e-08
 1.0004009   1.8173810696e-08
 1.0004022   1.8030301957e-08
 1.0004035   1.7888709027e-08
 1.0004047   1.7749086257e-08
 1.0004060   1.7611364269e-08
 1.0004073   1.7475555916e-08
 1.0004085   1.7341633358e-08
 1.0004098   1.7209529615e-08
 1.0004110   1.7079297364e-08
 1.0004122   1.6950870266e-08
 1.0004135   1.6824222374e-08
 1.0004147   1.6699405096e-08
 1.0004159   1.6576315342e-08
 1.0004171   1.6454966406e-08
 1.0004183   1.6335333297e-08
 1.0004194   1.6217391462e-08
 1.0004206   1.6101153857e-08
 1.0004218   1.5986596001e-08
 1.0004229   1.5873657300e-08
 1.0004241   1.5762351208e-08
 1.0004252   1.5652690571e-08
 1.0004263   1.5544580275e-08
 1.0004274   1.5438069794e-08
 1.0004285   1.5333101127e-08
 1.0004296   1.5229687778e-08
 1.0004307   1.5127773032e-08
 1.0004318   1.5027370705e-08
 1.0004329   1.4928459698e-08
 1.0004340   1.4831019298e-08
 1.0004350   1.4735029172e-08
 1.0004360   1.4640469359e-08
 1.0004371   1.4547320261e-08
 1.0004381   1.4455595926e-08
 1.0004391   1.4365243766e-08
 1.0004401   1.4276245249e-08
 1.0004411   1.4188647522e-08
 1.0004421   1.4102334120e-08
 1.0004431   1.4017352666e-08
 1.0004441   1.3933685379e-08
 1.0004450   1.3851314812e-08
 1.0004460   1.3770223842e-08
 1.0004469   1.3690364147e-08
 1.0004479   1.3611751127e-08
 1.0004488   1.3534368599e-08
 1.0004497   1.3458200682e-08
 1.0004506   1.3383231797e-08
 1.0004515   1.3309446658e-08
 1.0004524   1.3236830266e-08
 1.0004533   1.3165337593e-08
 1.0004541   1.3095014993e-08
 1.0004550   1.3025787833e-08
 1.0004558   1.2957672526e-08
 1.0004567   1.2890655437e-08
 1.0004575   1.2824723189e-08
 1.0004583   1.2759833282e-08
 1.0004591   1.2696031755e-08
 1.0004599   1.2633247367e-08
 1.0004607   1.2571468167e-08
 1.0004615   1.2510711233e-08
 1.0004623   1.2450964647e-08
 1.0004631   1.2392188188e-08
 1.0004638   1.2334370795e-08
 1.0004646   1.2277529887e-08
 1.0004653   1.2221626295e-08
 1.0004660   1.2166649585e-08
 1.0004667   1.2112589526e-08
 1.0004675   1.2059436082e-08
 1.0004682   1.2007151766e-08
 1.0004689   1.1955754813e-08
 1.0004695   1.1905235755e-08
 1.0004702   1.1855721805e-08
 1.0004709   1.1807066247e-08
 1.0004715   1.1759097735e-08
 1.0004722   1.1711917378e-08
 1.0004728   1.1665544105e-08
 1.0004735   1.1619969818e-08
 1.0004741   1.1575186577e-08
 1.0004747   1.1531186599e-08
 1.0004753   1.1487909352e-08
 1.0004759   1.1445400653e-08
 1.0004765   1.1403653164e-08
 1.0004771   1.1362607368e-08
 1.0004777   1.1322282847e-08
 1.0004782   1.1282672964e-08
 1.0004788   1.1243745322e-08
 1.0004793   1.1205493809e-08
 1.0004799   1.1167938148e-08
 1.0004804   1.1131020946e-08
 1.0004809   1.1094787793e-08
 1.0004815   1.1059181866e-08
 1.0004820   1.1024197879e-08
 1.0004825   1.0989855952e-08
 1.0004830   1.0956125541e-08
 1.0004835   1.0923001669e-08
 1.0004839   1.0890454377e-08
 1.0004844   1.0858504108e-08
 1.0004849   1.0827146172e-08
 1.0004853   1.0796326253e-08
 1.0004858   1.0766065061e-08
 1.0004862   1.0736383106e-08
 1.0004867   1.0707202097e-08
 1.0004871   1.0678592157e-08
 1.0004875   1.0650475557e-08
 1.0004880   1.0622873260e-08
 1.0004884   1.0595781648e-08
 1.0004888   1.0569197175e-08
 1.0004892   1.0543092092e-08
 1.0004896   1.0517463173e-08
 1.0004899   1.0492307257e-08
 1.0004903   1.0467621246e-08
 1.0004907   1.0443402103e-08
 1.0004911   1.0419622863e-08
 1.0004914   1.0396280773e-08
 1.0004918   1.0373373136e-08
 1.0004921   1.0350897309e-08
 1.0004925   1.0328850703e-08
 1.0004928   1.0307207045e-08
 1.0004932   1.0285964000e-08
 1.0004935   1.0265142911e-08
 1.0004938   1.0244694214e-08
 1.0004941   1.0224615848e-08
 1.0004944   1.0204929294e-08
 1.0004947   1.0185632437e-08
 1.0004950   1.0166676390e-08
 1.0004953   1.0148082752e-08
 1.0004956   1.0129849662e-08
 1.0004959   1.0111952014e-08
 1.0004962   1.0094411388e-08
 1.0004965   1.0077202831e-08
 1.0004967   1.0060301583e-08
 1.0004970   1.0043752449e-08
 1.0004973   1.0027484515e-08
 1.0004975   1.0011565660e-08
 1.0004978   9.9959252548e-09
 1.0004980   9.9805850533e-09
 1.0004983   9.9655437478e-09
 1.0004985   9.9508000575e-09
 1.0004987   9.9363298484e-09
 1.0004990   9.9221548371e-09
 1.0004992   9.9082510049e-09
 1.0004994   9.8945944849e-09
 1.0004996   9.8812298123e-09
 1.0004998   9.8681104105e-09
 1.0005001   9.8552353500e-09
 1.0005003   9.8426263830e-09
 1.0005005   9.8302372606e-09
 1.0005007   9.8181124069e-09
 1.0005009   9.8062283025e-09
 1.0005011   9.7945615561e-09
 1.0005012   9.7831339523e-09
 1.0005014   9.7719221855e-09
 1.0005016   9.7609255440e-09
 1.0005018   9.7501433299e-09
 1.0005020   9.7395748600e-09
 1.0005021   9.7292194646e-09
 1.0005023   9.7190541093e-09
 1.0005025   9.7091005773e-09
 1.0005026   9.6993359057e-09
 1.0005028   9.6897595449e-09
 1.0005029   9.6803932464e-09
 1.0005031   9.6711918814e-09
 1.0005032   9.6621772447e-09
 1.0005034   9.6533266027e-09
 1.0005035   9.6446617275e-09
 1.0005037   9.6361821334e-09
 1.0005038   9.6278430072e-09
 1.0005040   9.6196882972e-09
 1.0005041   9.6116954152e-09
 1.0005042   9.6038418554e-09
 1.0005044   9.5961714790e-09
 1.0005045   9.5886396998e-09
 1.0005046   9.5812462010e-09
 1.0005047   9.5740127167e-09
 1.0005048   9.5669168644e-09
 1.0005050   9.5599803586e-09
 1.0005051   9.5531588663e-09
 1.0005052   9.5464741300e-09
 1.0005053   9.5399258693e-09
 1.0005054   9.5335138097e-09
 1.0005055   9.5272376826e-09
 1.0005056   9.5210753021e-09
 1.0005057   9.5150264526e-09
 1.0005058   9.5091128183e-09
 1.0005059   9.5033122697e-09
 1.0005060   9.4976246043e-09
 1.0005061   9.4920714798e-09
 1.0005062   9.4866089766e-09
 1.0005063   9.4812587734e-09
 1.0005064   9.4760206836e-09
 1.0005065   9.4708727173e-09
 1.0005066   9.4658365265e-09
 1.0005067   9.4560770006e-09
 1.0005068   9.4513315857e-09
 1.0005069   9.4466973108e-09
 1.0005070   9.4421522732e-09
 1.0005071   9.4333294061e-09
 1.0005072   9.4290513308e-09
 1.0005073   9.4248403000e-09
 1.0005074   9.4167057512e-09
 1.0005075   9.4127603145e-09
 1.0005076   9.4051126134e-09
 1.0005077   9.4014101540e-09
 1.0005078   9.3942042838e-09
 1.0005079   9.3872849278e-09
 1.0005080   9.3839351971e-09
 1.0005081   9.3774336503e-09
 1.0005082   9.3711955402e-09
 1.0005083   9.3651987826e-09
 1.0005084   9.3594429195e-09
 1.0005085   9.3539275113e-09
 1.0005086   9.3486306110e-09
 1.0005087   9.3435518509e-09
 1.0005088   9.3363043363e-09
 1.0005089   9.3317049756e-09
 1.0005090   9.3251537276e-09
 1.0005091   9.3190147687e-09
 1.0005092   9.3132229566e-09
 1.0005093   9.3077776491e-09
 1.0005094   9.3026568222e-09
 1.0005095   9.2963186154e-09
 1.0005096   9.2904767325e-09
 1.0005097   9.2850874837e-09
 1.0005098   9.2801287170e-09
 1.0005099   9.2744892037e-09
 1.0005100   9.2684262810e-09
 1.0005101   9.2622393582e-09
 1.0005102   9.2569091189e-09
 1.0005103   9.2510706999e-09
 1.0005104   9.2457468880e-09
 1.0005105   9.2399155092e-09
 1.0005106   9.2342791706e-09
 1.0005107   9.2286037709e-09
 1.0005108   9.2228893862e-09
