-0.0020271   42.858954
-0.0020193   42.858954
-0.0020115   42.858954
-0.0020035   42.858954
-0.0019955   42.858954
-0.0019875   42.858954
-0.0019794   42.858954
-0.0019753   42.858954
-0.0019712   42.858954
-0.0019671   42.858954
-0.0019630   42.858954
-0.0019588   42.858954
-0.0019546   42.858954
-0.0019504   42.858954
-0.0019462   42.858954
-0.0019420   42.858954
-0.0019378   42.858954
-0.0019335   42.858954
-0.0019292   42.858954
-0.0019249   42.858954
-0.0019206   42.858954
-0.0019163   42.858954
-0.0019119   42.858954
-0.0019076   42.858954
-0.0019032   42.858954
-0.0018987   42.858954
-0.0018943   42.858954
-0.0018899   42.858954
-0.0018854   42.858954
-0.0018809   42.858954
-0.0018764   42.858954
-0.0018718   42.858954
-0.0018672   42.858954
-0.0018627   42.858954
-0.0018580   42.858954
-0.0018534   42.858954
-0.0018487   42.858954
-0.0018441   42.858954
-0.0018394   42.858954
-0.0018346   42.858954
-0.0018299   42.858954
-0.0018235   42.858954
-0.0018171   42.858954
-0.0018106   42.858954
-0.0018041   42.858954
-0.0017975   42.858954
-0.0017909   42.858954
-0.0017843   42.858954
-0.0017776   42.858954
-0.0017708   42.858954
-0.0017640   42.858954
-0.0017571   42.858954
-0.0017502   42.858954
-0.0017432   42.858954
-0.0017362   42.858954
-0.0017291   42.858954
-0.0017255   42.858954
-0.0017220   42.858954
-0.0017184   42.858954
-0.0017148   42.858954
-0.0017111   42.858954
-0.0017075   42.858954
-0.0017038   42.858954
-0.0017002   42.858954
-0.0016965   42.858954
-0.0016928   42.858954
-0.0016890   42.858954
-0.0016853   42.858954
-0.0016815   42.858954
-0.0016740   42.858954
-0.0016702   42.858954
-0.0016664   42.858954
-0.0016625   42.858954
-0.0016587   42.858954
-0.0016548   42.858954
-0.0016509   42.858954
-0.0016470   42.858954
-0.0016430   42.858954
-0.0016391   42.858954
-0.0016351   42.858954
-0.0016311   42.858954
-0.0016271   42.858954
-0.0016231   42.858954
-0.0016191   42.858954
-0.0016150   42.858954
-0.0016109   42.858954
-0.0016068   42.858954
-0.0016027   42.858954
-0.0015985   42.858954
0.0015985   42.858954
0.0016027   42.858954
0.0016068   42.858954
0.0016109   42.858954
0.0016150   42.858954
0.0016191   42.858954
0.0016231   42.858954
0.0016271   42.858954
0.0016311   42.858954
0.0016351   42.858954
0.0016391   42.858954
0.0016430   42.858954
0.0016470   42.858954
0.0016509   42.858954
0.0016548   42.858954
0.0016587   42.858954
0.0016625   42.858954
0.0016664   42.858954
0.0016702   42.858954
0.0016740   42.858954
0.0016778   42.858954
0.0016815   42.858954
0.0016853   42.858954
0.0016890   42.858954
0.0016928   42.858954
0.0016965   42.858954
0.0017002   42.858954
0.0017038   42.858954
0.0017075   42.858954
0.0017111   42.858954
0.0017148   42.858954
0.0017184   42.858954
0.0017220   42.858954
0.0017255   42.858954
0.0017291   42.858954
0.0017362   42.858954
0.0017432   42.858954
0.0017502   42.858954
0.0017571   42.858954
0.0017640   42.858954
0.0017708   42.858954
0.0017776   42.858954
0.0017843   42.858954
0.0017909   42.858954
0.0017975   42.858954
0.0018041   42.858954
0.0018106   42.858954
0.0018171   42.858954
0.0018235   42.858954
0.0018299   42.858954
0.0018346   42.858954
0.0018394   42.858954
0.0018441   42.858954
0.0018487   42.858954
0.0018534   42.858954
0.0018580   42.858954
0.0018627   42.858954
0.0018672   42.858954
0.0018718   42.858954
0.0018764   42.858954
0.0018809   42.858954
0.0018854   42.858954
0.0018899   42.858954
0.0018943   42.858954
0.0018987   42.858954
0.0019032   42.858954
0.0019076   42.858954
0.0019119   42.858954
0.0019163   42.858954
0.0019206   42.858954
0.0019249   42.858954
0.0019292   42.858954
0.0019335   42.858954
0.0019378   42.858954
0.0019420   42.858954
0.0019462   42.858954
0.0019504   42.858954
0.0019546   42.858954
0.0019588   42.858954
0.0019630   42.858954
0.0019671   42.858954
0.0019712   42.858954
0.0019753   42.858954
0.0019794   42.858954
0.0019875   42.858954
0.0019955   42.858954
0.0020035   42.858954
0.0020115   42.858954
0.0020193   42.858954
0.0020271   42.858954
0.0020348   42.858954
0.0020425   42.858954
0.0020502   42.858954
0.0020577   42.858954
0.0020652   42.858954
0.0020727   42.858954
0.0020801   42.858954
0.0020874   42.858954
0.0020947   42.858954
0.0020996   42.858954
0.0021052   42.858954
0.0021107   42.858954
0.0021162   42.858954
0.0021216   42.858954
0.0021271   42.858954
0.0021325   42.858954
0.0021378   42.858954
0.0021435   42.858954
0.0021490   42.858954
0.0021546   42.858954
0.0021601   42.858954
0.0021656   42.858954
0.0021711   42.858954
0.0021765   42.858954
0.0021819   42.858954
0.0021875   42.858954
0.0021930   42.858954
0.0021985   42.858954
0.0022040   42.858954
0.0022095   42.858954
0.0022149   42.858954
0.0022203   42.858954
0.0022257   42.858954
0.0022314   42.858954
0.0022371   42.858954
0.0022427   42.858954
0.0022483   42.858954
0.0022539   42.858954
0.0022594   42.858954
0.0022650   42.858954
0.0022705   42.858954
0.0022763   42.858954
0.0022821   42.858954
0.0022878   42.858954
0.0022935   42.858954
0.0022992   42.858954
0.0023049   42.858954
0.0023105   42.858954
0.0023161   42.858954
0.0023221   42.858954
0.0023279   42.858954
0.0023338   42.858954
0.0023397   42.858954
0.0023455   42.858954
0.0023512   42.858954
0.0023570   42.858954
0.0023627   42.858954
0.0023688   42.858954
0.0023748   42.858954
0.0023808   42.858954
0.0023867   42.858954
0.0023926   42.858954
0.0023985   42.858954
0.0024044   42.858954
0.0024102   42.858954
0.0024164   42.858954
0.0024225   42.858954
0.0024287   42.858954
0.0024347   42.858954
0.0024408   42.858954
0.0024468   42.858954
0.0024528   42.858954
0.0024587   42.858954
0.0024651   42.858954
0.0024714   42.858954
0.0024777   42.858954
0.0024840   42.858954
0.0024902   42.858954
0.0024964   42.858954
0.0025026   42.858954
0.0025088   42.858954
0.0025152   42.858954
0.0025217   42.858954
0.0025281   42.858954
0.0025345   42.858954
0.0025409   42.858954
0.0025472   42.858954
0.0025535   42.858954
0.0025598   42.858954
0.0025664   42.858954
0.0025730   42.858954
0.0025795   42.858954
0.0025861   42.858954
0.0025926   42.858954
0.0025990   42.858954
0.0026054   42.858954
0.0026118   42.858954
0.0026186   42.858954
0.0026253   42.858954
0.0026320   42.858954
0.0026387   42.858954
0.0026453   42.858954
0.0026519   42.858954
0.0026584   42.858954
0.0026650   42.858954
0.0026719   42.858954
0.0026787   42.858954
0.0026856   42.858954
0.0026924   42.858954
0.0026991   42.858954
0.0027058   42.858954
0.0027125   42.858954
0.0027192   42.858954
0.0027262   42.858954
0.0027332   42.858954
0.0027402   42.858954
0.0027471   42.858954
0.0027540   42.858954
0.0027609   42.858954
0.0027677   42.858954
0.0027745   42.858954
0.0027817   42.858954
0.0027889   42.858954
0.0027960   42.858954
0.0028031   42.858954
0.0028101   42.858954
0.0028171   42.858954
0.0028241   42.858954
0.0028310   42.858954
0.0028383   42.858954
0.0028456   42.858954
0.0028529   42.858954
0.0028601   42.858954
0.0028673   42.858954
0.0028745   42.858954
0.0028816   42.858954
0.0028887   42.858954
0.0028961   42.858954
0.0029036   42.858954
0.0029110   42.858954
0.0029184   42.858954
0.0029257   42.858954
0.0029330   42.858954
0.0029403   42.858954
0.0029475   42.858954
0.0029551   42.858954
0.0029627   42.858954
0.0029703   42.858954
0.0029778   42.858954
0.0029853   42.858954
0.0029927   42.858954
0.0030001   42.858954
0.0030075   42.858954
0.0030153   42.858954
0.0030231   42.858954
0.0030308   42.858954
0.0030385   42.858954
0.0030461   42.858954
0.0030537   42.858954
0.0030613   42.858954
0.0030688   42.858954
0.0030767   42.858954
0.0030847   42.858954
0.0030925   42.858954
0.0031004   42.858954
0.0031082   42.858954
0.0031159   42.858954
0.0031236   42.858954
0.0031313   42.858954
0.0031388   42.858954
0.0031486   42.858954
0.0031584   42.858954
0.0031671   42.858954
0.0031758   42.858954
0.0031844   42.858954
0.0031930   42.858954
0.0032015   42.858954
0.0032100   42.858954
0.0032185   42.858954
0.0032269   42.858954
0.0032372   42.858954
0.0032475   42.858954
0.0032577   42.858954
0.0032678   42.858954
0.0032779   42.858954
0.0032879   42.858954
0.0032979   42.858954
0.0033078   42.858954
0.0033169   42.858954
0.0033260   42.858954
0.0033351   42.858954
0.0033441   42.858954
0.0033530   42.858954
0.0033619   42.858954
0.0033708   42.858954
0.0033796   42.858954
0.0033904   42.858954
0.0034012   42.858954
0.0034119   42.858954
0.0034225   42.858954
0.0034331   42.858954
0.0034436   42.858954
0.0034540   42.858954
0.0034644   42.858954
0.0034740   42.858954
0.0034835   42.858954
0.0034930   42.858954
0.0035024   42.858954
0.0035118   42.858954
0.0035211   42.858954
0.0035304   42.858954
0.0035396   42.858954
0.0035510   42.858954
0.0035622   42.858954
0.0035734   42.858954
0.0035845   42.858954
0.0035956   42.858954
0.0036066   42.858954
0.0036175   42.858954
0.0036284   42.858954
0.0036400   42.858954
0.0036515   42.858954
0.0036630   42.858954
0.0036744   42.858954
0.0036857   42.858954
0.0036970   42.858954
0.0037082   42.858954
0.0037193   42.858954
0.0037313   42.858954
0.0037431   42.858954
0.0037549   42.858954
0.0037666   42.858954
0.0037782   42.858954
0.0037897   42.858954
0.0038012   42.858954
0.0038126   42.858954
0.0038248   42.858954
0.0038370   42.858954
0.0038491   42.858954
0.0038610   42.858954
0.0038730   42.858954
0.0038848   42.858954
0.0038966   42.858954
0.0039083   42.858954
0.0039208   42.858954
0.0039333   42.858954
0.0039456   42.858954
0.0039579   42.858954
0.0039702   42.858954
0.0039823   42.858954
0.0039944   42.858954
0.0040064   42.858954
0.0040192   42.858954
0.0040320   42.858954
0.0040447   42.858954
0.0040573   42.858954
0.0040698   42.858954
0.0040823   42.858954
0.0040947   42.858954
0.0041070   42.858954
0.0041201   42.858954
0.0041332   42.858954
0.0041462   42.858954
0.0041592   42.858954
0.0041720   42.858954
0.0041848   42.858954
0.0041975   42.858954
0.0042101   42.858954
0.0042236   42.858954
0.0042370   42.858954
0.0042504   42.858954
0.0042636   42.858954
0.0042768   42.858954
0.0042899   42.858954
0.0043029   42.858954
0.0043159   42.858954
0.0043297   42.858954
0.0043435   42.858954
0.0043572   42.858954
0.0043708   42.858954
0.0043843   42.858954
0.0043977   42.858954
0.0044110   42.858954
0.0044243   42.858954
0.0044385   42.858954
0.0044526   42.858954
0.0044667   42.858954
0.0044806   42.858954
0.0044945   42.858954
0.0045082   42.858954
0.0045219   42.858954
0.0045355   42.858954
0.0045501   42.858954
0.0045646   42.858954
0.0045790   42.858954
0.0045933   42.858954
0.0046075   42.858954
0.0046216   42.858954
0.0046356   42.858954
0.0046496   42.858954
0.0046645   42.858954
0.0046793   42.858954
0.0046941   42.858954
0.0047087   42.858954
0.0047233   42.858954
0.0047377   42.858954
0.0047521   42.858954
0.0047664   42.858954
0.0047815   42.858954
0.0047966   42.858954
0.0048115   42.858954
0.0048264   42.858954
0.0048411   42.858954
0.0048558   42.858954
0.0048704   42.858954
0.0048849   42.858954
0.0049004   42.858954
0.0049158   42.858954
0.0049311   42.858954
0.0049463   42.858954
0.0049614   42.858954
0.0049765   42.858954
0.0049914   42.858954
0.0050063   42.858954
0.0050222   42.858954
0.0050380   42.858954
0.0050537   42.858954
0.0050693   42.858954
0.0050848   42.858954
0.0051002   42.858954
0.0051155   42.858954
0.0051308   42.858954
0.0051471   42.858954
0.0051633   42.858954
0.0051794   42.858954
0.0051954   42.858954
0.0052113   42.858954
0.0052271   42.858954
0.0052428   42.858954
0.0052584   42.858954
0.0052751   42.858954
0.0052917   42.858954
0.0053082   42.858954
0.0053246   42.858954
0.0053409   42.858954
0.0053571   42.858954
0.0053732   42.858954
0.0053893   42.858954
0.0054064   42.858954
0.0054234   42.858954
0.0054403   42.858954
0.0054571   42.858954
0.0054739   42.858954
0.0054905   42.858954
0.0055070   42.858954
0.0055234   42.858954
0.0055410   42.858954
0.0055584   42.858954
0.0055758   42.858954
0.0055930   42.858954
0.0056101   42.858954
0.0056272   42.858954
0.0056441   42.858954
0.0056609   42.858954
0.0056789   42.858954
0.0056968   42.858954
0.0057146   42.858954
0.0057323   42.858954
0.0057499   42.858954
0.0057673   42.858954
0.0057847   42.858954
0.0058019   42.858954
0.0058204   42.858954
0.0058387   42.858954
0.0058570   42.858954
0.0058751   42.858954
0.0058931   42.858954
0.0059110   42.858954
0.0059288   42.858954
0.0059465   42.858954
0.0059654   42.858954
0.0059842   42.858954
0.0060029   42.858954
0.0060215   42.858954
0.0060400   42.858954
0.0060583   42.858954
0.0060766   42.858954
0.0060947   42.858954
0.0061141   42.858954
0.0061334   42.858954
0.0061526   42.858954
0.0061716   42.858954
0.0061905   42.858954
0.0062093   42.858954
0.0062280   42.858954
0.0062466   42.858954
0.0062665   42.858954
0.0062863   42.858954
0.0063059   42.858954
0.0063254   42.858954
0.0063448   42.858954
0.0063641   42.858954
0.0063832   42.858954
0.0064023   42.858954
0.0064223   42.858954
0.0064423   42.858954
0.0064621   42.858954
0.0064819   42.858954
0.0065015   42.858954
0.0065209   42.858954
0.0065403   42.858954
0.0065596   42.858954
0.0065794   42.858954
0.0065990   42.858954
0.0066186   42.858954
0.0066381   42.858954
0.0066574   42.858954
0.0066766   42.858954
0.0067148   42.858954
0.0067330   42.858954
0.0067693   42.858954
0.0068052   42.858954
0.0068230   42.858954
0.0068582   42.858954
0.0068848   42.858954
0.0069112   42.858954
0.0069305   42.858954
0.0069688   42.858954
0.0069877   42.858954
0.0070254   42.858954
0.0070626   42.858954
0.0070854   42.858954
0.0071082   42.858954
0.0071307   42.858954
0.0071532   42.858954
0.0071754   42.858954
0.0071976   42.858954
0.0072196   42.858954
0.0072617   42.858954
0.0073018   42.858954
0.0073415   42.858954
0.0073611   42.858954
0.0074002   42.858954
0.0074241   42.858954
0.0074480   42.858954
0.0074716   42.858954
0.0074951   42.858954
0.0075417   42.858954
0.0075878   42.858954
0.0076301   42.858954
0.0076510   42.858954
0.0076926   42.858954
0.0077132   42.858954
0.0077542   42.858954
0.0077793   42.858954
0.0078042   42.858954
0.0078290   42.858954
0.0078781   42.858954
0.0079024   42.858954
0.0079506   42.858954
0.0079763   42.858954
0.0080273   42.858954
0.0080777   42.858954
0.0081027   42.858954
0.0081521   42.858954
0.0081785   42.858954
0.0082308   42.858954
0.0082825   42.858954
0.0083081   42.858954
0.0083588   42.858954
0.0083859   42.858954
0.0084395   42.858954
0.0084661   42.858954
0.0085188   42.858954
0.0085708   42.858954
0.0085986   42.858954
0.0086536   42.858954
0.0086809   42.858954
0.0087349   42.858954
0.0087883   42.858954
0.0088168   42.858954
0.0088732   42.858954
0.0089012   42.858954
0.0089566   42.858954
0.0090113   42.858954
0.0090406   42.858954
0.0090985   42.858954
0.0091557   42.858954
0.0091840   42.858954
0.0092402   42.858954
0.0092702   42.858954
0.0093296   42.858954
0.0093883   42.858954
0.0094173   42.858954
0.0094749   42.858954
0.0095057   42.858954
0.0095667   42.858954
0.0096269   42.858954
0.0096567   42.858954
0.0097158   42.858954
0.0097473   42.858954
0.0098099   42.858954
0.0098716   42.858954
0.0099022   42.858954
0.0099628   42.858954
0.0099952   42.858954
0.0100593   42.858954
0.0101227   42.858954
0.0101541   42.858954
0.0102162   42.858954
0.0102494   42.858954
0.0103152   42.858954
0.0103801   42.858954
0.0104123   42.858954
0.0104760   42.858954
0.0105097   42.858954
0.0105763   42.858954
0.0106422   42.858954
0.0106748   42.858954
0.0107394   42.858954
0.0107740   42.858954
0.0108423   42.858954
0.0109099   42.858954
0.0109433   42.858954
0.0110096   42.858954
0.0110450   42.858954
0.0111152   42.858954
0.0111844   42.858954
0.0112188   42.858954
0.0112868   42.858954
0.0113231   42.858954
0.0113950   42.858954
0.0114661   42.858954
0.0115013   42.858954
0.0115710   42.858954
0.0116083   42.858954
0.0116820   42.858954
0.0117549   42.858954
0.0117910   42.858954
0.0118626   42.858954
0.0119008   42.858954
0.0119764   42.858954
0.0120512   42.858954
0.0120882   42.858954
0.0121616   42.858954
0.0122008   42.858954
0.0122784   42.858954
0.0123551   42.858954
0.0123930   42.858954
0.0124683   42.858954
0.0125085   42.858954
0.0125880   42.858954
0.0126666   42.858954
0.0127056   42.858954
0.0127827   42.858954
0.0128235   42.858954
0.0129043   42.858954
0.0129842   42.858954
0.0130237   42.858954
0.0131021   42.858954
0.0131433   42.858954
0.0132250   42.858954
0.0133057   42.858954
0.0133456   42.858954
0.0134249   42.858954
0.0134665   42.858954
0.0135491   42.858954
0.0136306   42.858954
0.0137512   42.858954
0.0137932   42.858954
0.0139179   42.858954
0.0139997   42.858954
0.0141227   42.858954
0.0142060   42.858954
0.0142883   42.858954
0.0144101   42.858954
0.0145363   42.858954
0.0146193   42.858954
0.0147421   42.858954
0.0148641   42.858954
0.0149043   42.858954
0.0150237   42.858954
0.0150979   42.858954
0.0152016   42.858954
0.0153206   42.858954
0.0154189   42.858954
0.0154837   42.858954
0.0156197   42.858954
0.0157091   42.858954
0.0158414   42.858954
0.0159789   42.858954
0.0160694   42.858954
0.0162032   42.858954
0.0163423   42.858954
0.0164338   42.858954
0.0165693   42.858954
0.0167100   42.858954
0.0168026   42.858954
0.0169396   42.858954
0.0170821   42.858954
0.0171757   42.858954
0.0173144   42.858954
0.0174585   42.858954
0.0175533   42.858954
0.0176936   42.858954
0.0178393   42.858954
0.0179352   42.858954
0.0180771   42.858954
0.0182229   42.858954
0.0183188   42.858954
0.0184608   42.858954
0.0186083   42.858954
0.0187054   42.858954
0.0188492   42.858954
0.0189984   42.858954
0.0190966   42.858954
0.0192421   42.858954
0.0193931   42.858954
0.0194925   42.858954
0.0196910   42.858954
0.0198430   42.858954
0.0199431   42.858954
0.0200940   42.858954
0.0201969   42.858954
0.0203492   42.858954
0.0205020   42.858954
0.0207091   42.858954
0.0208618   42.858954
0.0210202   42.858954
0.0211245   42.858954
0.0212791   42.858954
0.0214394   42.858954
0.0215450   42.858954
0.0217015   42.858954
0.0218638   42.858954
0.0219706   42.858954
0.0221291   42.858954
0.0222933   42.858954
0.0225619   42.858954
0.0227281   42.858954
0.0229998   42.858954
0.0231661   42.858954
0.0234382   42.858954
0.0236065   42.858954
0.0238820   42.858954
0.0240523   42.858954
0.0243312   42.858954
0.0245036   42.858954
0.0247860   42.858954
0.0249606   42.858954
0.0252465   42.858954
0.0254232   42.858954
0.0257127   42.858954
0.0258917   42.858954
0.0261848   42.858954
0.0263660   42.858954
0.0266628   42.858954
0.0268463   42.858954
0.0271470   42.858954
0.0273328   42.858954
0.0276372   42.858954
0.0279496   42.858954
0.0281976   42.858954
0.0285124   42.858954
0.0288272   42.858954
0.0292045   42.858954
0.0293965   42.858954
0.0297122   42.858954
0.0300244   42.858954
0.0302182   42.858954
0.0304941   42.858954
0.0306902   42.858954
0.0310357   42.858954
0.0313103   42.858954
0.0315899   42.858954
0.0320106   42.858954
0.0323614   42.858954
0.0325783   42.858954
0.0329340   42.858954
0.0331540   42.858954
0.0335147   42.858954
0.0338850   42.858954
0.0341794   42.858954
0.0347010   42.858954
0.0349304   42.858954
0.0353067   42.858954
0.0357642   42.858954
0.0362251   42.858954
0.0365309   42.858954
0.0368462   42.858954
0.0371566   42.858954
0.0374766   42.858954
0.0381165   42.858954
0.0387663   42.858954
0.0390911   42.858954
0.0397560   42.858954
0.0400962   42.858954
0.0406911   42.858954
0.0411176   42.858954
0.0417290   42.858954
0.0419943   42.858954
0.0425241   42.858954
0.0432447   42.858954
0.0439695   42.858954
0.0442485   42.858954
0.0449909   42.858954
0.0454574   42.858954
0.0462215   42.858954
0.0465160   42.858954
0.0472999   42.858954
0.0477929   42.858954
0.0486015   42.858954
0.0495330   42.858954
0.0502684   42.858954
0.0511285   42.858954
0.0514610   42.858954
0.0523475   42.858954
0.0532503   42.858954
0.0541678   42.858954
0.0547461   42.858954
0.0553232   42.858954
0.0560854   42.858954
0.0570028   42.858954
0.0576414   42.858954
0.0580325   42.858954
0.0588939   42.858954
0.0597766   42.858954
0.0606088   42.858954
0.0611863   42.858954
0.0621372   42.858954
0.0627655   42.858954
0.0634126   42.858954
0.0641229   42.858954
0.0647764   42.858954
0.0655126   42.858954
0.0659676   42.858954
0.0665795   42.858954
0.0670610   42.858954
0.0677814   42.858954
0.0686355   42.858954
0.0690567   42.858954
0.0697086   42.858954
0.0705338   42.858954
0.0714528   42.858954
0.0722909   42.858954
0.0727843   42.858954
0.0734200   42.858954
0.0741612   42.858954
0.0746585   42.858954
0.0751388   42.858954
0.0758252   42.858954
0.0766503   42.858954
0.0771569   42.858954
0.0777587   42.858954
0.0786482   42.858954
0.0795253   42.858954
0.0801055   42.858954
0.0806800   42.858954
0.0810621   42.858954
0.0816338   42.858954
0.0821062   42.858954
0.0825776   42.858954
0.0833308   42.858954
0.0838899   42.858954
0.0846399   42.858954
0.0851968   42.858954
0.0855688   42.858954
0.0864057   42.858954
0.0870530   42.858954
0.0878876   42.858954
0.0886266   42.858954
0.0890441   42.858954
0.0896427   42.858954
0.0903781   42.858954
0.0910624   42.858954
0.0915661   42.858954
0.0923908   42.858954
0.0928470   42.858954
0.0934923   42.858954
0.0939499   42.858954
0.0945016   42.858954
0.0952392   42.858954
0.0956054   42.858954
0.0963473   42.858954
0.0971761   42.858954
0.0978761   42.858954
0.0983857   42.858954
0.0990383   42.858954
0.0995059   42.858954
0.1001563   42.858954
0.1004400   42.858954
0.1010984   42.858954
0.1018492   42.858954
0.1022288   42.858954
0.1028892   42.858954
0.1036491   42.858954
0.1042672   42.858954
0.1045984   42.858954
0.1051745   42.858954
0.1056537   42.858954
0.1062257   42.858954
0.1066140   42.858954
0.1072898   42.858954
0.1080599   42.858954
0.1089257   42.858954
0.1095001   42.858954
0.1103600   42.858954
0.1112013   42.858954
0.1117489   42.858954
0.1125476   42.858954
0.1131702   42.858954
0.1136863   42.858954
0.1140976   42.858954
0.1147183   42.858954
0.1155424   42.858954
0.1161118   42.858954
0.1166858   42.858954
0.1174124   42.858954
0.1179914   42.858954
0.1184650   42.858954
0.1190938   42.858954
0.1196786   42.858954
0.1203693   42.858954
0.1211679   42.858954
0.1220813   42.858954
0.1228884   42.858954
0.1235407   42.858954
0.1243518   42.858954
0.1250126   42.858954
0.1256703   42.858954
0.1261070   42.858954
0.1267752   42.858954
0.1276613   42.858954
0.1282203   42.858954
0.1286139   42.858954
0.1292864   42.858954
0.1301902   42.858954
0.1307015   42.858954
0.1312111   42.858954
0.1320123   42.858954
0.1325296   42.858954
0.1333309   42.858954
0.1340887   42.858954
0.1345533   42.858954
0.1353082   42.858954
0.1359567   42.858954
0.1363681   42.858954
0.1371309   42.858954
0.1376083   42.858954
0.1382034   42.858954
0.1386187   42.858954
0.1393363   42.858954
0.1398784   42.858954
0.1403589   42.858954
0.1409592   42.858954
0.1414468   42.858954
0.1419939   42.858954
0.1426606   42.858954
0.1433954   42.858954
0.1443143   42.858954
0.1449884   42.858954
0.1459142   42.858954
0.1465906   42.858954
0.1470223   42.858954
0.1476401   42.858954
0.1485636   42.858954
0.1491773   42.858954
0.1497284   42.858954
0.1502069   42.858954
0.1511611   42.858954
0.1517531   42.858954
0.1526838   42.858954
0.1532762   42.858954
0.1542211   42.858954
0.1548703   42.858954
0.1552832   42.858954
0.1559683   42.858954
0.1569234   42.858954
0.1573317   42.858954
0.1580099   42.858954
0.1586850   42.858954
0.1592291   42.858954
0.1598420   42.858954
0.1604536   42.858954
0.1610640   42.858954
0.1620788   42.858954
0.1629024   42.858954
0.1635873   42.858954
0.1646885   42.858954
0.1657305   42.858954
0.1663544   42.858954
0.1673918   42.858954
0.1681643   42.858954
0.1691571   42.858954
0.1697986   42.858954
0.1704392   42.858954
0.1715046   42.858954
0.1721427   42.858954
0.1728003   42.858954
0.1734570   42.858954
0.1743312   42.858954
0.1752039   42.858954
0.1756453   42.858954
0.1765326   42.858954
0.1769785   42.858954
0.1778693   42.858954
0.1783141   42.858954
0.1792029   42.858954
0.1798033   42.858954
0.1807028   42.858954
0.1816011   42.858954
0.1828201   42.858954
0.1840372   42.858954
0.1846568   42.858954
0.1858946   42.858954
0.1865189   42.858954
0.1877723   42.858954
0.1890302   42.858954
0.1903112   42.858954
0.1915910   42.858954
0.1928948   42.858954
0.1935463   42.858954
0.1948615   42.858954
0.1955252   42.858954
0.1968521   42.858954
0.1975286   42.858954
0.1988811   42.858954
0.1995572   42.858954
0.2005915   42.858954
0.2016257   42.858954
0.2030184   42.858954
0.2044249   42.858954
0.2051283   42.858954
0.2065627   42.858954
0.2078141   42.858954
0.2090662   42.858954
0.2101353   42.858954
0.2112050   42.858954
0.2122755   42.858954
0.2137873   42.858954
0.2152926   42.858954
0.2167999   42.858954
0.2183009   42.858954
0.2197668   42.858954
0.2212353   42.858954
0.2224910   42.858954
0.2250088   42.858954
0.2267607   42.858954
0.2285175   42.858954
0.2303255   42.858954
0.2320826   42.858954
0.2338454   42.858954
0.2355372   42.858954
0.2372349   42.858954
0.2389154   42.858954
0.2406022   42.858954
0.2422923   42.858954
0.2457059   42.858954
0.2474358   42.858954
0.2509352   42.858954
0.2545023   42.858954
0.2563086   42.858954
0.2599897   42.858954
0.2618666   42.858954
0.2656769   42.858954
0.2676113   42.858954
0.2715653   42.858954
0.2756243   42.858954
0.2797963   42.858954
0.2840902   42.858954
0.2885154   42.858954
0.2930822   42.858954
0.2978006   42.858954
0.3026788   42.858954
0.3077179   42.858954
0.3125531   42.858954
0.3170029   42.858954
0.3209086   42.858954
0.3242130   42.858954
0.3270451   42.858954
0.3300818   42.858954
0.3348972   42.858954
0.3383044   42.858954
0.3438783   42.858954
0.3500552   42.858954
0.3564737   42.858954
0.3631593   42.858954
0.3701378   42.858954
0.3737228   42.858954
0.3773851   42.858954
0.3840395   42.858954
0.3895735   42.858954
0.3939129   42.858954
0.3971213   42.858954
0.4004528   42.858954
0.4028820   42.858954
0.4063579   42.858954
0.4105281   42.858954
0.4147584   42.858954
0.4191023   42.858954
0.4222914   42.858954
0.4255442   42.858954
0.4300529   42.858954
0.4339708   42.858954
0.4379869   42.858954
0.4417344   42.858954
0.4455717   42.858954
0.4531747   42.858954
0.4569972   42.858954
0.4609136   42.858954
0.4647702   42.858954
0.4687226   42.858954
0.4728870   42.858954
0.4771633   42.858954
0.4847470   42.858954
0.4899655   42.858954
0.4930426   42.858954
0.4964384   42.858954
0.4996269   42.858954
0.5068887   42.858954
0.5136947   42.858954
0.5202462   42.858954
0.5266708   42.858954
0.5329851   42.858954
0.5391949   42.858954
0.5453023   42.858954
0.5513077   42.858954
0.5572112   42.858954
0.5630124   42.858954
0.5687106   42.858954
0.5743046   42.858954
0.5797926   42.858954
0.5851710   42.858954
0.5904326   42.858954
0.5955626   42.858954
0.6005285   42.858954
0.6052610   42.858954
0.6096373   42.858954
0.6134957   42.858954
0.6169246   42.858954
0.6194898   42.858954
0.6220945   42.858954
0.6252509   42.858954
0.6274716   42.858954
0.6297216   42.858954
0.6319430   42.858954
0.6341937   42.858954
0.6363818   42.858954
0.6385982   42.858954
0.6407427   42.858954
0.6429142   42.858954
0.6450117   42.858954
0.6471350   42.858954
0.6491842   42.858954
0.6502180   42.858954
0.6522550   42.858954
0.6542662   42.858954
0.6562515   42.858954
0.6572278   42.858954
0.6582096   42.858954
0.6591970   42.858954
0.6601374   42.858954
0.6610828   42.858954
0.6620334   42.858954
0.6629892   42.858954
0.6638779   42.858954
0.6652194   42.858954
0.6661195   42.858954
0.6671887   42.858954
0.6684303   42.858954
0.6693672   42.858954
0.6699947   42.858954
0.6709401   42.858954
0.6715732   42.858954
0.6722242   42.858954
0.6730463   42.858954
0.6735966   42.858954
0.6744251   42.858954
0.6752577   42.858954
0.6758149   42.858954
0.6763738   42.858954
0.6770258   42.858954
0.6777716   42.858954
0.6785207   42.858954
0.6788964   42.858954
0.6796503   42.858954
0.6803328   42.858954
0.6810179   42.858954
0.6814762   42.858954
0.6819356   42.858954
0.6821658   42.858954
0.6826270   42.858954
0.6828581   42.858954
0.6833211   42.858954
0.6838548   42.858954
0.6843901   42.858954
0.6846584   42.858954
0.6851962   42.858954
0.6854656   42.858954
0.6857355   42.858954
0.6860059   42.858954
0.6862766   42.858954
0.6865477   42.858954
0.6868192   42.858954
0.6870912   42.858954
0.6873636   42.858954
0.6876364   42.858954
0.6880443   42.858954
0.6884531   42.858954
0.6888629   42.858954
0.6892736   42.858954
0.6894793   42.858954
0.6896852   42.858954
0.6898914   42.858954
0.6900978   42.858954
0.6903045   42.858954
0.6905114   42.858954
0.6907185   42.858954
0.6909259   42.858954
0.6912684   42.858954
0.6916115   42.858954
0.6919553   42.858954
0.6922998   42.858954
0.6926449   42.858954
0.6929906   42.858954
0.6933371   42.858954
0.6936842   42.858954
0.6940319   42.858954
0.6943804   42.858954
0.6947295   42.858954
0.6950793   42.858954
0.6954297   42.858954
0.6957809   42.858954
0.6961327   42.858954
0.6964852   42.858954
0.6967510   42.858954
0.6970172   42.858954
0.6972837   42.858954
0.6975507   42.858954
0.6978181   42.858954
0.6980858   42.858954
0.6983539   42.858954
0.6986225   42.858954
0.6988914   42.858954
0.6991607   42.858954
0.6994304   42.858954
0.6997005   42.858954
0.6999710   42.858954
0.7002419   42.858954
0.7005132   42.858954
0.7007849   42.858954
0.7010553   42.858954
0.7013260   42.858954
0.7015971   42.858954
0.7018686   42.858954
0.7021406   42.858954
0.7024129   42.858954
0.7026856   42.858954
0.7029587   42.858954
0.7032322   42.858954
0.7035061   42.858954
0.7037804   42.858954
0.7040551   42.858954
0.7043303   42.858954
0.7046058   42.858954
0.7048817   42.858954
0.7051580   42.858954
0.7054347   42.858954
0.7057119   42.858954
0.7059894   42.858954
0.7062674   42.858954
0.7065457   42.858954
0.7068245   42.858954
0.7071036   42.858954
0.7073832   42.858954
0.7076632   42.858954
0.7079436   42.858954
0.7082244   42.858954
0.7085056   42.858954
0.7087872   42.858954
0.7090692   42.858954
0.7093517   42.858954
0.7096299   42.858954
0.7099086   42.858954
0.7101830   42.858954
0.7104579   42.858954
0.7107331   42.858954
0.7110087   42.858954
0.7112847   42.858954
0.7115611   42.858954
0.7118379   42.858954
0.7121150   42.858954
0.7123926   42.858954
0.7126705   42.858954
0.7132276   42.858954
0.7135067   42.858954
0.7140661   42.858954
0.7144398   42.858954
0.7148143   42.858954
0.7151893   42.858954
0.7155650   42.858954
0.7160399   42.858954
0.7165158   42.858954
0.7172317   42.858954
0.7179499   42.858954
0.7186705   42.858954
0.7193935   42.858954
0.7198769   42.858954
0.7206040   42.858954
0.7213336   42.858954
0.7218214   42.858954
0.7225552   42.858954
0.7232915   42.858954
0.7237454   42.858954
0.7242003   42.858954
0.7248845   42.858954
0.7255709   42.858954
0.7262596   42.858954
0.7269505   42.858954
0.7274125   42.858954
0.7281073   42.858954
0.7285718   42.858954
0.7292705   42.858954
0.7299717   42.858954
0.7308927   42.858954
0.7315464   42.858954
0.7322023   42.858954
0.7326407   42.858954
0.7333002   42.858954
0.7339618   42.858954
0.7344040   42.858954
0.7350693   42.858954
0.7361830   42.858954
0.7368542   42.858954
0.7379607   42.858954
0.7390034   42.858954
0.7396317   42.858954
0.7402620   42.858954
0.7413171   42.858954
0.7419529   42.858954
0.7430173   42.858954
0.7436588   42.858954
0.7447274   42.858954
0.7453589   42.858954
0.7464160   42.858954
0.7470530   42.858954
0.7481197   42.858954
0.7491924   42.858954
0.7500550   42.858954
0.7513566   42.858954
0.7524912   42.858954
0.7530611   42.858954
0.7542063   42.858954
0.7553587   42.858954
0.7563246   42.858954
0.7571007   42.858954
0.7584457   42.858954
0.7594064   42.858954
0.7600498   42.858954
0.7613436   42.858954
0.7626471   42.858954
0.7633930   42.858954
0.7648947   42.858954
0.7656504   42.858954
0.7671719   42.858954
0.7687072   42.858954
0.7701508   42.858954
0.7708772   42.858954
0.7723397   42.858954
0.7730758   42.858954
0.7745580   42.858954
0.7759530   42.858954
0.7773601   42.858954
0.7787796   42.858954
0.7802118   42.858954
0.7815610   42.858954
0.7829218   42.858954
0.7842946   42.858954
0.7856795   42.858954
0.7869853   42.858954
0.7883022   42.858954
0.7896307   42.858954
0.7909709   42.858954
0.7922363   42.858954
0.7935126   42.858954
0.7948000   42.858954
0.7960988   42.858954
0.7985364   42.858954
0.8010161   42.858954
0.8033800   42.858954
0.8057846   42.858954
0.8080782   42.858954
0.8104112   42.858954
0.8126374   42.858954
0.8149018   42.858954
0.8170637   42.858954
0.8192624   42.858954
0.8213624   42.858954
0.8234982   42.858954
0.8255388   42.858954
0.8276141   42.858954
0.8295976   42.858954
0.8316148   42.858954
0.8335434   42.858954
0.8355047   42.858954
0.8373803   42.858954
0.8392878   42.858954
0.8411124   42.858954
0.8429679   42.858954
0.8447444   42.858954
0.8465509   42.858954
0.8482620   42.858954
0.8500017   42.858954
0.8516678   42.858954
0.8533617   42.858954
0.8549843   42.858954
0.8566340   42.858954
0.8582145   42.858954
0.8598214   42.858954
0.8613613   42.858954
0.8629268   42.858954
0.8644273   42.858954
0.8659527   42.858954
0.8674150   42.858954
0.8689015   42.858954
0.8703269   42.858954
0.8717758   42.858954
0.8731654   42.858954
0.8745778   42.858954
0.8759326   42.858954
0.8773098   42.858954
0.8786308   42.858954
0.8799736   42.858954
0.8812626   42.858954
0.8825729   42.858954
0.8838171   42.858954
0.8850816   42.858954
0.8862956   42.858954
0.8875294   42.858954
0.8887140   42.858954
0.8899179   42.858954
0.8910739   42.858954
0.8922488   42.858954
0.8933771   42.858954
0.8945238   42.858954
0.8956251   42.858954
0.8967444   42.858954
0.8978195   42.858954
0.8989120   42.858954
0.8999616   42.858954
0.9010282   42.858954
0.9020529   42.858954
0.9030943   42.858954
0.9040949   42.858954
0.9051116   42.858954
0.9060887   42.858954
0.9070817   42.858954
0.9080347   42.858954
0.9090031   42.858954
0.9099568   42.858954
0.9109263   42.858954
0.9121714   42.858954
0.9136211   42.858954
0.9145263   42.858954
0.9154465   42.858954
0.9163301   42.858954
0.9172284   42.858954
0.9180910   42.858954
0.9189680   42.858954
0.9198101   42.858954
0.9206662   42.858954
0.9214885   42.858954
0.9223243   42.858954
0.9231276   42.858954
0.9239441   42.858954
0.9247203   42.858954
0.9255093   42.858954
0.9262674   42.858954
0.9270380   42.858954
0.9277786   42.858954
0.9285313   42.858954
0.9292548   42.858954
0.9299901   42.858954
0.9306968   42.858954
0.9314151   42.858954
0.9321056   42.858954
0.9328073   42.858954
0.9334819   42.858954
0.9341676   42.858954
0.9348267   42.858954
0.9354966   42.858954
0.9361406   42.858954
0.9367951   42.858954
0.9374244   42.858954
0.9380640   42.858954
0.9386790   42.858954
0.9393040   42.858954
0.9399052   42.858954
0.9405163   42.858954
0.9410978   42.858954
0.9416887   42.858954
0.9422571   42.858954
0.9428347   42.858954
0.9433904   42.858954
0.9439551   42.858954
0.9444983   42.858954
0.9450504   42.858954
0.9455815   42.858954
0.9461212   42.858954
0.9466405   42.858954
0.9471682   42.858954
0.9476759   42.858954
0.9481919   42.858954
0.9486883   42.858954
0.9491928   42.858954
0.9496783   42.858954
0.9501716   42.858954
0.9506463   42.858954
0.9511286   42.858954
0.9515929   42.858954
0.9520646   42.858954
0.9525188   42.858954
0.9529803   42.858954
0.9534199   42.858954
0.9538665   42.858954
0.9542965   42.858954
0.9547334   42.858954
0.9551541   42.858954
0.9555815   42.858954
0.9564112   42.858954
0.9572230   42.858954
0.9580173   42.858954
0.9587945   42.858954
0.9595549   42.858954
0.9602990   42.858954
0.9610272   42.858954
0.9617398   42.858954
0.9624366   42.858954
0.9631322   42.858954
0.9635963   42.858954
0.9638756   42.858954
0.9645477   42.858954
0.9652051   42.858954
0.9658485   42.858954
0.9664714   42.858954
0.9670811   42.858954
0.9676777   42.858954
0.9682616   42.858954
0.9688332   42.858954
0.9693928   42.858954
0.9699405   42.858954
0.9704768   42.858954
0.9710019   42.858954
0.9715161   42.858954
0.9720196   42.858954
0.9725130   42.858954
0.9729911   42.858954
0.9734595   42.858954
0.9739186   42.858954
0.9743663   42.858954
0.9748033   42.858954
0.9752304   42.858954
0.9756484   42.858954
0.9760580   42.858954
0.9764599   42.858954
0.9768550   42.858954
0.9772440   42.858954
0.9776278   42.858954
0.9780004   42.858954
0.9783658   42.858954
0.9787241   42.858954
0.9790756   42.858954
0.9794203   42.858954
0.9797584   42.858954
0.9800900   42.858954
0.9804153   42.858954
0.9807343   42.858954
0.9810471   42.858954
0.9813540   42.858954
0.9816551   42.858954
0.9819473   42.858954
0.9822340   42.858954
0.9825148   42.858954
0.9827975   42.858954
0.9829183   42.858954
0.9831030   42.858954
0.9833757   42.858954
0.9836429   42.858954
0.9839048   42.858954
0.9841616   42.858954
0.9844132   42.858954
0.9846598   42.858954
0.9849015   42.858954
0.9851384   42.858954
0.9853706   42.858954
0.9855981   42.858954
0.9858212   42.858954
0.9860376   42.858954
0.9862497   42.858954
0.9864577   42.858954
0.9866617   42.858954
0.9868616   42.858954
0.9870577   42.858954
0.9872499   42.858954
0.9874385   42.858954
0.9876234   42.858954
0.9878048   42.858954
0.9879828   42.858954
0.9881575   42.858954
0.9883271   42.858954
0.9884936   42.858954
0.9886570   42.858954
0.9888174   42.858954
0.9889749   42.858954
0.9891296   42.858954
0.9892815   42.858954
0.9894308   42.858954
0.9895774   42.858954
0.9897214   42.858954
0.9898630   42.858954
0.9900022   42.858954
0.9901376   42.858954
0.9902707   42.858954
0.9904016   42.858954
0.9905304   42.858954
0.9906571   42.858954
0.9907817   42.858954
0.9909042   42.858954
0.9910287   42.858954
0.9910914   42.858954
0.9911970   42.858954
0.9913167   42.858954
0.9914345   42.858954
0.9915504   42.858954
0.9916645   42.858954
0.9917768   42.858954
0.9918875   42.858954
0.9919964   42.858954
0.9921026   42.858954
0.9922072   42.858954
0.9923102   42.858954
0.9924117   42.858954
0.9925118   42.858954
0.9926104   42.858954
0.9927076   42.858954
0.9928033   42.858954
0.9928978   42.858954
0.9929908   42.858954
0.9930826   42.858954
0.9931732   42.858954
0.9932615   42.858954
0.9933486   42.858954
0.9934346   42.858954
0.9935194   42.858954
0.9936031   42.858954
0.9936856   42.858954
0.9937671   42.858954
0.9938475   42.858954
0.9939268   42.858954
0.9940051   42.858954
0.9940824   42.858954
0.9941588   42.858954
0.9942334   42.858954
0.9943070   42.858954
0.9943798   42.858954
0.9944516   42.858954
0.9945226   42.858954
0.9945927   42.858954
0.9946619   42.858954
0.9947303   42.858954
0.9947979   42.858954
0.9948646   42.858954
0.9949326   42.858954
0.9949683   42.858954
0.9950344   42.858954
0.9950997   42.858954
0.9951643   42.858954
0.9952281   42.858954
0.9952911   42.858954
0.9953535   42.858954
0.9954151   42.858954
0.9954760   42.858954
0.9955362   42.858954
0.9955951   42.858954
0.9956534   42.858954
0.9957110   42.858954
0.9957680   42.858954
0.9958243   42.858954
0.9958801   42.858954
0.9959352   42.858954
0.9959898   42.858954
0.9960437   42.858954
0.9960971   42.858954
0.9961499   42.858954
0.9962021   42.858954
0.9962533   42.858954
0.9963039   42.858954
0.9963541   42.858954
0.9964037   42.858954
0.9964527   42.858954
0.9965013   42.858954
0.9965494   42.858954
0.9965970   42.858954
0.9966441   42.858954
0.9966907   42.858954
0.9967369   42.858954
0.9967826   42.858954
0.9968278   42.858954
0.9968726   42.858954
0.9969170   42.858954
0.9969609   42.858954
0.9970043   42.858954
0.9970474   42.858954
0.9970900   42.858954
0.9971322   42.858954
0.9971741   42.858954
0.9972128   42.858954
0.9972477   42.858954
0.9972892   42.858954
0.9973303   42.858954
0.9973710   42.858954
0.9974113   42.858954
0.9974512   42.858954
0.9974907   42.858954
0.9975298   42.858954
0.9975686   42.858954
0.9976066   42.858954
0.9976442   42.858954
0.9976814   42.858954
0.9977183   42.858954
0.9977549   42.858954
0.9977911   42.858954
0.9978269   42.858954
0.9978624   42.858954
0.9978976   42.858954
0.9979324   42.858954
0.9979669   42.858954
0.9980011   42.858954
0.9980346   42.858954
0.9980678   42.858954
0.9981006   42.858954
0.9981332   42.858954
0.9981655   42.858954
0.9981974   42.858954
0.9982291   42.858954
0.9982604   42.858954
0.9982915   42.858954
0.9983222   42.858954
0.9983527   42.858954
0.9983829   42.858954
0.9984128   42.858954
0.9984424   42.858954
0.9984717   42.858954
0.9985008   42.858954
0.9985295   42.858954
0.9985580   42.858954
0.9985863   42.858954
0.9986142   42.858954
0.9986425   42.858954
0.9986638   42.858954
0.9986916   42.858954
0.9987191   42.858954
0.9987463   42.858954
0.9987733   42.858954
0.9987999   42.858954
0.9988264   42.858954
0.9988525   42.858954
0.9988784   42.858954
0.9989037   42.858954
0.9989288   42.858954
0.9989537   42.858954
0.9989783   42.858954
0.9990026   42.858954
0.9990267   42.858954
0.9990505   42.858954
0.9990741   42.858954
0.9990975   42.858954
0.9991205   42.858954
0.9991434   42.858954
0.9991660   42.858954
0.9991879   42.858954
0.9992093   42.858954
0.9992303   42.858954
0.9992509   42.858954
0.9992710   42.858954
0.9992906   42.858954
0.9993099   42.858954
0.9993287   42.858954
0.9993471   42.858954
0.9993646   42.858954
0.9993827   42.858954
0.9993994   42.858954
0.9994166   42.858954
0.9994326   42.858954
0.9994490   42.858954
0.9994642   42.858954
0.9994799   42.858954
0.9994948   42.858954
0.9995090   42.858954
0.9995235   42.858954
0.9995374   42.858954
0.9995579   42.858954
0.9995710   42.858954
0.9995834   42.858954
0.9995961   42.858954
0.9996080   42.858954
0.9996200   42.858954
0.9996315   42.858954
0.9996424   42.858954
0.9996536   42.858954
0.9996641   42.858954
0.9996743   42.858954
0.9996846   42.858954
0.9996943   42.858954
0.9997036   42.858954
0.9997130   42.858954
0.9997219   42.858954
0.9997305   42.858954
0.9997393   42.858954
0.9997477   42.858954
0.9997557   42.858954
0.9997638   42.858954
0.9997730   42.858954
0.9997825   42.858954
0.9997909   42.858954
0.9997951   42.858954
0.9997994   42.858954
0.9998041   42.858954
0.9998088   42.858954
0.9998153   42.858954
0.9998218   42.858954
0.9998272   42.858954
0.9998305   42.858954
0.9998338   42.858954
0.9998371   42.858954
0.9998405   42.858954
0.9998442   42.858954
0.9998480   42.858954
0.9998528   42.858954
0.9998577   42.858954
0.9998606   42.858954
0.9998647   42.858954
0.9998688   42.858954
0.9998727   42.858954
0.9998783   42.858954
0.9998806   42.858954
0.9998829   42.858954
0.9998856   42.858954
0.9998883   42.858954
0.9998907   42.858954
0.9998931   42.858954
0.9998954   42.858954
0.9998976   42.858954
0.9999003   42.858954
0.9999028   42.858954
0.9999054   42.858954
0.9999081   42.858954
0.9999114   42.858954
0.9999130   42.858954
0.9999146   42.858954
0.9999175   42.858954
0.9999204   42.858954
0.9999229   42.858954
0.9999253   42.858954
0.9999275   42.858954
0.9999296   42.858954
0.9999317   42.858954
0.9999337   42.858954
0.9999355   42.858954
0.9999373   42.858954
0.9999391   42.858954
0.9999409   42.858954
0.9999439   42.858954
0.9999465   42.858954
0.9999491   42.858954
0.9999512   42.858954
0.9999530   42.858954
0.9999548   42.858954
0.9999572   42.858954
0.9999598   42.858954
0.9999624   42.858954
0.9999638   42.858954
0.9999653   42.858954
0.9999669   42.858954
0.9999685   42.858954
0.9999703   42.858954
0.9999721   42.858954
0.9999741   42.858954
0.9999762   42.858954
0.9999776   42.858954
0.9999790   42.858954
0.9999805   42.858954
0.9999819   42.858954
0.9999835   42.858954
0.9999851   42.858954
0.9999867   42.858954
0.9999883   42.858954
0.9999892   42.858954
0.9999900   42.858954
0.9999909   42.858954
0.9999917   42.858954
0.9999926   42.858954
0.9999935   42.858954
0.9999943   42.858954
0.9999952   42.858954
0.9999964   42.858954
0.9999976   42.858954
0.9999988   42.858954
0.9999994   42.858954
1.0000000   42.858954
1.0000017   42.858954
1.0000035   42.858954
1.0000053   42.858954
1.0000070   42.858954
1.0000088   42.858954
1.0000106   42.858954
1.0000124   42.858954
1.0000142   42.858954
1.0000160   42.858954
1.0000179   42.858954
1.0000197   42.858954
1.0000216   42.858954
1.0000234   42.858954
1.0000253   42.858954
1.0000271   42.858954
1.0000290   42.858954
1.0000309   42.858954
1.0000328   42.858954
1.0000346   42.858954
1.0000365   42.858954
1.0000384   42.858954
1.0000403   42.858954
1.0000422   42.858954
1.0000440   42.858954
1.0000459   42.858954
1.0000478   42.858954
1.0000497   42.858954
1.0000516   42.858954
1.0000535   42.858954
1.0000554   42.858954
1.0000573   42.858954
1.0000592   42.858954
1.0000611   42.858954
1.0000630   42.858954
1.0000649   42.858954
1.0000668   42.858954
1.0000687   42.858954
1.0000706   42.858954
1.0000725   42.858954
1.0000744   42.858954
1.0000763   42.858954
1.0000782   42.858954
1.0000801   42.858954
1.0000820   42.858954
1.0000839   42.858954
1.0000858   42.858954
1.0000877   42.858954
1.0000896   42.858954
1.0000915   42.858954
1.0000934   42.858954
1.0000953   42.858954
1.0000972   42.858954
1.0000991   42.858954
1.0001010   42.858954
1.0001029   42.858954
1.0001048   42.858954
1.0001067   42.858954
1.0001086   42.858954
1.0001105   42.858954
1.0001124   42.858954
1.0001143   42.858954
1.0001162   42.858954
1.0001181   42.858954
1.0001199   42.858954
1.0001218   42.858954
1.0001237   42.858954
1.0001256   42.858954
1.0001275   42.858954
1.0001294   42.858954
1.0001313   42.858954
1.0001331   42.858954
1.0001350   42.858954
1.0001369   42.858954
1.0001388   42.858954
1.0001406   42.858954
1.0001425   42.858954
1.0001444   42.858954
1.0001463   42.858954
1.0001481   42.858954
1.0001500   42.858954
1.0001519   42.858954
1.0001538   42.858954
1.0001556   42.858954
1.0001575   42.858954
1.0001593   42.858954
1.0001612   42.858954
1.0001631   42.858954
1.0001649   42.858954
1.0001668   42.858954
1.0001686   42.858954
1.0001705   42.858954
1.0001723   42.858954
1.0001742   42.858954
1.0001760   42.858954
1.0001779   42.858954
1.0001797   42.858954
1.0001816   42.858954
1.0001834   42.858954
1.0001852   42.858954
1.0001871   42.858954
1.0001889   42.858954
1.0001907   42.858954
1.0001926   42.858954
1.0001944   42.858954
1.0001962   42.858954
1.0001981   42.858954
1.0001999   42.858954
1.0002017   42.858954
1.0002035   42.858954
1.0002053   42.858954
1.0002072   42.858954
1.0002090   42.858954
1.0002108   42.858954
1.0002126   42.858954
1.0002144   42.858954
1.0002162   42.858954
1.0002180   42.858954
1.0002198   42.858954
1.0002216   42.858954
1.0002234   42.858954
1.0002252   42.858954
1.0002270   42.858954
1.0002288   42.858954
1.0002306   42.858954
1.0002323   42.858954
1.0002341   42.858954
1.0002359   42.858954
1.0002377   42.858954
1.0002395   42.858954
1.0002412   42.858954
1.0002430   42.858954
1.0002448   42.858954
1.0002465   42.858954
1.0002483   42.858954
1.0002501   42.858954
1.0002518   42.858954
1.0002536   42.858954
1.0002553   42.858954
1.0002571   42.858954
1.0002588   42.858954
1.0002606   42.858954
1.0002623   42.858954
1.0002641   42.858954
1.0002658   42.858954
1.0002675   42.858954
1.0002693   42.858954
1.0002710   42.858954
1.0002727   42.858954
1.0002744   42.858954
1.0002762   42.858954
1.0002779   42.858954
1.0002796   42.858954
1.0002813   42.858954
1.0002830   42.858954
1.0002847   42.858954
1.0002864   42.858954
1.0002881   42.858954
1.0002898   42.858954
1.0002915   42.858954
1.0002932   42.858954
1.0002949   42.858954
1.0002965   42.858954
1.0002982   42.858954
1.0002999   42.858954
1.0003016   42.858954
1.0003032   42.858954
1.0003049   42.858954
1.0003065   42.858954
1.0003082   42.858954
1.0003098   42.858954
1.0003115   42.858954
1.0003131   42.858954
1.0003148   42.858954
1.0003164   42.858954
1.0003180   42.858954
1.0003197   42.858954
1.0003213   42.858954
1.0003229   42.858954
1.0003245   42.858954
1.0003261   42.858954
1.0003277   42.858954
1.0003293   42.858954
1.0003309   42.858954
1.0003325   42.858954
1.0003341   42.858954
1.0003357   42.858954
1.0003373   42.858954
1.0003388   42.858954
1.0003404   42.858954
1.0003420   42.858954
1.0003435   42.858954
1.0003451   42.858954
1.0003466   42.858954
1.0003481   42.858954
1.0003497   42.858954
1.0003512   42.858954
1.0003527   42.858954
1.0003543   42.858954
1.0003558   42.858954
1.0003573   42.858954
1.0003588   42.858954
1.0003603   42.858954
1.0003618   42.858954
1.0003633   42.858954
1.0003647   42.858954
1.0003662   42.858954
1.0003677   42.858954
1.0003691   42.858954
1.0003706   42.858954
1.0003720   42.858954
1.0003735   42.858954
1.0003749   42.858954
1.0003763   42.858954
1.0003778   42.858954
1.0003792   42.858954
1.0003806   42.858954
1.0003820   42.858954
1.0003834   42.858954
1.0003848   42.858954
1.0003862   42.858954
1.0003875   42.858954
1.0003889   42.858954
1.0003903   42.858954
1.0003916   42.858954
1.0003930   42.858954
1.0003943   42.858954
1.0003956   42.858954
1.0003970   42.858954
1.0003983   42.858954
1.0003996   42.858954
1.0004009   42.858954
1.0004022   42.858954
1.0004035   42.858954
1.0004047   42.858954
1.0004060   42.858954
1.0004073   42.858954
1.0004085   42.858954
1.0004098   42.858954
1.0004110   42.858954
1.0004122   42.858954
1.0004135   42.858954
1.0004147   42.858954
1.0004159   42.858954
1.0004171   42.858954
1.0004183   42.858954
1.0004194   42.858954
1.0004206   42.858954
1.0004218   42.858954
1.0004229   42.858954
1.0004241   42.858954
1.0004252   42.858954
1.0004263   42.858954
1.0004274   42.858954
1.0004285   42.858954
1.0004296   42.858954
1.0004307   42.858954
1.0004318   42.858954
1.0004329   42.858954
1.0004340   42.858954
1.0004350   42.858954
1.0004360   42.858954
1.0004371   42.858954
1.0004381   42.858954
1.0004391   42.858954
1.0004401   42.858954
1.0004411   42.858954
1.0004421   42.858954
1.0004431   42.858954
1.0004441   42.858954
1.0004450   42.858954
1.0004460   42.858954
1.0004469   42.858954
1.0004479   42.858954
1.0004488   42.858954
1.0004497   42.858954
1.0004506   42.858954
1.0004515   42.858954
1.0004524   42.858954
1.0004533   42.858954
1.0004541   42.858954
1.0004550   42.858954
1.0004558   42.858954
1.0004567   42.858954
1.0004575   42.858954
1.0004583   42.858954
1.0004591   42.858954
1.0004599   42.858954
1.0004607   42.858954
1.0004615   42.858954
1.0004623   42.858954
1.0004631   42.858954
1.0004638   42.858954
1.0004646   42.858954
1.0004653   42.858954
1.0004660   42.858954
1.0004667   42.858954
1.0004675   42.858954
1.0004682   42.858954
1.0004689   42.858954
1.0004695   42.858954
1.0004702   42.858954
1.0004709   42.858954
1.0004715   42.858954
1.0004722   42.858954
1.0004728   42.858954
1.0004735   42.858954
1.0004741   42.858954
1.0004747   42.858954
1.0004753   42.858954
1.0004759   42.858954
1.0004765   42.858954
1.0004771   42.858954
1.0004777   42.858954
1.0004782   42.858954
1.0004788   42.858954
1.0004793   42.858954
1.0004799   42.858954
1.0004804   42.858954
1.0004809   42.858954
1.0004815   42.858954
1.0004820   42.858954
1.0004825   42.858954
1.0004830   42.858954
1.0004835   42.858954
1.0004839   42.858954
1.0004844   42.858954
1.0004849   42.858954
1.0004853   42.858954
1.0004858   42.858954
1.0004862   42.858954
1.0004867   42.858954
1.0004871   42.858954
1.0004875   42.858954
1.0004880   42.858954
1.0004884   42.858954
1.0004888   42.858954
1.0004892   42.858954
1.0004896   42.858954
1.0004899   42.858954
1.0004903   42.858954
1.0004907   42.858954
1.0004911   42.858954
1.0004914   42.858954
1.0004918   42.858954
1.0004921   42.858954
1.0004925   42.858954
1.0004928   42.858954
1.0004932   42.858954
1.0004935   42.858954
1.0004938   42.858954
1.0004941   42.858954
1.0004944   42.858954
1.0004947   42.858954
1.0004950   42.858954
1.0004953   42.858954
1.0004956   42.858954
1.0004959   42.858954
1.0004962   42.858954
1.0004965   42.858954
1.0004967   42.858954
1.0004970   42.858954
1.0004973   42.858954
1.0004975   42.858954
1.0004978   42.858954
1.0004980   42.858954
1.0004983   42.858954
1.0004985   42.858954
1.0004987   42.858954
1.0004990   42.858954
1.0004992   42.858954
1.0004994   42.858954
1.0004996   42.858954
1.0004998   42.858954
1.0005001   42.858954
1.0005003   42.858954
1.0005005   42.858954
1.0005007   42.858954
1.0005009   42.858954
1.0005011   42.858954
1.0005012   42.858954
1.0005014   42.858954
1.0005016   42.858954
1.0005018   42.858954
1.0005020   42.858954
1.0005021   42.858954
1.0005023   42.858954
1.0005025   42.858954
1.0005026   42.858954
1.0005028   42.858954
1.0005029   42.858954
1.0005031   42.858954
1.0005032   42.858954
1.0005034   42.858954
1.0005035   42.858954
1.0005037   42.858954
1.0005038   42.858954
1.0005040   42.858954
1.0005041   42.858954
1.0005042   42.858954
1.0005044   42.858954
1.0005045   42.858954
1.0005046   42.858954
1.0005047   42.858954
1.0005048   42.858954
1.0005050   42.858954
1.0005051   42.858954
1.0005052   42.858954
1.0005053   42.858954
1.0005054   42.858954
1.0005055   42.858954
1.0005056   42.858954
1.0005057   42.858954
1.0005058   42.858954
1.0005059   42.858954
1.0005060   42.858954
1.0005061   42.858954
1.0005062   42.858954
1.0005063   42.858954
1.0005064   42.858954
1.0005065   42.858954
1.0005066   42.858954
1.0005067   42.858954
1.0005068   42.858954
1.0005069   42.858954
1.0005070   42.858954
1.0005071   42.858954
1.0005072   42.858954
1.0005073   42.858954
1.0005074   42.858954
1.0005075   42.858954
1.0005076   42.858954
1.0005077   42.858954
1.0005078   42.858954
1.0005079   42.858954
1.0005080   42.858954
1.0005081   42.858954
1.0005082   42.858954
1.0005083   42.858954
1.0005084   42.858954
1.0005085   42.858954
1.0005086   42.858954
1.0005087   42.858954
1.0005088   42.858954
1.0005089   42.858954
1.0005090   42.858954
1.0005091   42.858954
1.0005092   42.858954
1.0005093   42.858954
1.0005094   42.858954
1.0005095   42.858954
1.0005096   42.858954
1.0005097   42.858954
1.0005098   42.858954
1.0005099   42.858954
1.0005100   42.858954
1.0005101   42.858954
1.0005102   42.858954
1.0005103   42.858954
1.0005104   42.858954
1.0005105   42.858954
1.0005106   42.858954
1.0005107   42.858954
1.0005108   42.858954
