    3.28000e-03    6.02000e+00    5.44317e-01
    6.97000e-03    7.28000e+00    4.78909e-01
    7.79000e-03    7.42000e+00    4.80065e-01
    9.02000e-03    5.54000e+00    5.12314e-01
    9.43000e-03    4.90000e+00    3.00313e-01
    9.43000e-03    8.96000e+00    6.12639e-01
    1.02500e-02    7.06000e+00    4.87297e-01
    1.06600e-02    3.18000e+00    8.20370e-02
    1.06600e-02    3.62000e+00    2.52590e-01
    1.10700e-02    2.30000e+00    1.59930e-02
    1.10700e-02    5.04000e+00    3.57306e-01
    1.10700e-02    5.58000e+00    5.21962e-01
    1.10700e-02    6.06000e+00    5.53588e-01
    1.14800e-02    7.18000e+00    4.84790e-01
    1.18900e-02    6.44000e+00    5.31972e-01
    1.18900e-02    9.82000e+00    7.10132e-01
    1.23000e-02    1.07800e+01    7.90123e-01
    1.27000e-02    6.02000e+00    5.56295e-01
    1.27000e-02    1.00000e+01    7.27903e-01
    1.31100e-02    3.32000e+00    1.43690e-01
    1.35200e-02    4.86000e+00    2.86123e-01
    1.35200e-02    7.80000e+00    4.98666e-01
    1.35200e-02    1.10400e+01    8.05878e-01
    1.47500e-02    2.52000e+00    6.93851e-02
    1.47500e-02    4.52000e+00    1.80727e-01
    1.47500e-02    6.52000e+00    5.28666e-01
    1.47500e-02    7.16000e+00    4.88455e-01
    1.59800e-02    9.38000e+00    6.63779e-01
    1.63900e-02    9.70000e+00    6.98734e-01
    1.63900e-02    1.06800e+01    7.83927e-01
    1.63900e-02    1.10200e+01    8.05091e-01
    1.68000e-02    3.84000e+00    2.36886e-01
    1.68000e-02    4.04000e+00    1.98549e-01
    1.68000e-02    6.62000e+00    5.22579e-01
    1.72100e-02    5.36000e+00    4.76593e-01
    1.76200e-02    8.04000e+00    5.18423e-01
    1.80300e-02    4.98000e+00    3.37654e-01
    1.80300e-02    5.20000e+00    4.24369e-01
    1.80300e-02    7.80000e+00    5.02017e-01
    1.80300e-02    8.96000e+00    6.15805e-01
    1.84400e-02    7.64000e+00    4.94678e-01
    1.88500e-02    4.88000e+00    2.97512e-01
    1.88500e-02    5.94000e+00    5.63362e-01
    1.88500e-02    8.28000e+00    5.40773e-01
    1.88500e-02    8.90000e+00    6.09112e-01
    1.92600e-02    7.30000e+00    4.90147e-01
    1.92600e-02    7.56000e+00    4.92711e-01
    1.96700e-02    4.48000e+00    1.77443e-01
    1.96700e-02    5.44000e+00    5.01053e-01
    2.00800e-02    6.98000e+00    5.00740e-01
    2.04900e-02    4.50000e+00    1.81329e-01
    2.04900e-02    4.78000e+00    2.60017e-01
    2.04900e-02    7.58000e+00    4.94277e-01
    2.04900e-02    7.64000e+00    4.96297e-01
    2.04900e-02    7.76000e+00    5.01674e-01
    2.04900e-02    7.84000e+00    5.06185e-01
    2.04900e-02    8.48000e+00    5.62291e-01
    2.09000e-02    7.30000e+00    4.91592e-01
    2.09000e-02    8.52000e+00    5.66838e-01
    2.09000e-02    9.10000e+00    6.33222e-01
    2.13100e-02    4.80000e+00    2.68200e-01
    2.13100e-02    6.36000e+00    5.48757e-01
    2.13100e-02    7.48000e+00    4.92636e-01
    2.25400e-02    4.52000e+00    1.86833e-01
    2.25400e-02    7.50000e+00    4.94005e-01
    2.25400e-02    1.15200e+01    8.29642e-01
    2.29500e-02    2.60000e+00    1.06684e-01
    2.29500e-02    6.14000e+00    5.64286e-01
    2.29500e-02    6.44000e+00    5.43980e-01
    2.29500e-02    7.74000e+00    5.02523e-01
    2.29500e-02    9.34000e+00    6.61398e-01
    2.29500e-02    1.08200e+01    7.94053e-01
    2.33600e-02    7.00000e+00    5.02778e-01
    2.37700e-02    3.90000e+00    2.30143e-01
    2.37700e-02    8.70000e+00    5.88278e-01
    2.37700e-02    1.10400e+01    8.07153e-01
    2.37700e-02    1.14200e+01    8.25690e-01
    2.37700e-02    1.23000e+01    8.52533e-01
    2.41800e-02    6.04000e+00    5.68671e-01
    2.41800e-02    6.86000e+00    5.11728e-01
    2.41800e-02    7.02000e+00    5.02544e-01
    2.45900e-02    3.82000e+00    2.40417e-01
    2.45900e-02    7.52000e+00    4.96064e-01
    2.45900e-02    8.36000e+00    5.52086e-01
    2.50000e-02    4.38000e+00    1.73667e-01
    2.50000e-02    5.72000e+00    5.56891e-01
    2.50000e-02    6.48000e+00    5.42608e-01
    2.54100e-02    1.80000e+00    1.04409e-01
    2.54100e-02    3.92000e+00    2.28562e-01
    2.54100e-02    4.42000e+00    1.76710e-01
    2.54100e-02    6.08000e+00    5.68900e-01
    2.54100e-02    8.22000e+00    5.39047e-01
    2.54100e-02    9.60000e+00    6.90568e-01
    2.58200e-02    3.38000e+00    1.48447e-01
    2.58200e-02    5.96000e+00    5.70734e-01
    2.58200e-02    7.68000e+00    5.02010e-01
    2.58200e-02    9.40000e+00    6.69037e-01
    2.62300e-02    4.48000e+00    1.84510e-01
    2.62300e-02    5.76000e+00    5.62004e-01
    2.62300e-02    6.78000e+00    5.19217e-01
    2.62300e-02    8.12000e+00    5.30712e-01
    2.62300e-02    1.04000e+01    7.64940e-01
    2.62300e-02    1.11200e+01    8.11815e-01
    2.66400e-02    2.06000e+00    1.28612e-01
    2.66400e-02    2.62000e+00    1.16785e-01
    2.66400e-02    4.42000e+00    1.78315e-01
    2.66400e-02    5.42000e+00    5.02964e-01
    2.66400e-02    7.84000e+00    5.10661e-01
    2.66400e-02    8.68000e+00    5.87448e-01
    2.66400e-02    9.32000e+00    6.60417e-01
    2.66400e-02    1.12600e+01    8.18871e-01
    2.70500e-02    1.84000e+00    5.68204e-02
    2.70500e-02    5.12000e+00    4.02772e-01
    2.70500e-02    5.18000e+00    4.25800e-01
    2.70500e-02    8.68000e+00    5.87651e-01
    2.70500e-02    9.50000e+00    6.80378e-01
    2.70500e-02    1.03000e+01    7.57086e-01
    2.74600e-02    4.06000e+00    2.06727e-01
    2.74600e-02    5.28000e+00    4.61718e-01
    2.74600e-02    8.86000e+00    6.08235e-01
    2.74600e-02    8.96000e+00    6.19701e-01
    2.78700e-02    5.94000e+00    5.72420e-01
    2.78700e-02    6.04000e+00    5.72117e-01
    2.78700e-02    6.22000e+00    5.64742e-01
    2.78700e-02    6.26000e+00    5.62221e-01
    2.78700e-02    6.52000e+00    5.41820e-01
    2.78700e-02    7.90000e+00    5.15267e-01
    2.78700e-02    9.74000e+00    7.05788e-01
    2.82800e-02    3.20000e+00    6.66365e-02
    2.82800e-02    4.28000e+00    1.79141e-01
    2.82800e-02    6.06000e+00    5.72047e-01
    2.82800e-02    6.44000e+00    5.48908e-01
    2.82800e-02    6.72000e+00    5.25604e-01
    2.82800e-02    6.88000e+00    5.14079e-01
    2.82800e-02    7.18000e+00    5.00113e-01
    2.82800e-02    8.68000e+00    5.88278e-01
    2.82800e-02    8.90000e+00    6.13187e-01
    2.86900e-02    1.38000e+00    1.25943e-01
    2.86900e-02    3.04000e+00    4.18800e-02
    2.86900e-02    3.36000e+00    1.33968e-01
    2.86900e-02    5.62000e+00    5.47181e-01
    2.86900e-02    8.14000e+00    5.34026e-01
    2.86900e-02    9.86000e+00    7.17943e-01
    2.86900e-02    9.96000e+00    7.27513e-01
    2.86900e-02    1.02400e+01    7.52460e-01
    2.86900e-02    1.14400e+01    8.27226e-01
    2.91000e-02    4.76000e+00    2.61382e-01
    2.91000e-02    5.54000e+00    5.33259e-01
    2.91000e-02    7.56000e+00    5.00572e-01
    2.91000e-02    1.12600e+01    8.19239e-01
    2.95100e-02    2.50000e+00    6.23899e-02
    2.95100e-02    7.22000e+00    5.00173e-01
    2.95100e-02    8.90000e+00    6.13752e-01
    2.95100e-02    9.64000e+00    6.96007e-01
    2.99200e-02    5.36000e+00    4.89360e-01
    2.99200e-02    6.08000e+00    5.72911e-01
    2.99200e-02    6.84000e+00    5.18144e-01
    2.99200e-02    7.06000e+00    5.05708e-01
    2.99200e-02    7.38000e+00    4.98856e-01
    3.03300e-02    3.14000e+00    4.77882e-02
    3.03300e-02    4.38000e+00    1.81295e-01
    3.03300e-02    5.30000e+00    4.71169e-01
    3.03300e-02    6.08000e+00    5.73249e-01
    3.03300e-02    6.50000e+00    5.45613e-01
    3.03300e-02    9.12000e+00    6.39234e-01
    3.03300e-02    1.06200e+01    7.82046e-01
    3.07400e-02    2.32000e+00    4.85528e-03
    3.07400e-02    6.12000e+00    5.72194e-01
    3.07400e-02    8.62000e+00    5.82948e-01
    3.07400e-02    1.01400e+01    7.44363e-01
    3.07400e-02    1.22600e+01    8.52698e-01
    3.11500e-02    3.04000e+00    3.99616e-02
    3.11500e-02    4.12000e+00    2.02663e-01
    3.11500e-02    6.02000e+00    5.75204e-01
    3.11500e-02    6.80000e+00    5.21987e-01
    3.15600e-02    2.36000e+00    8.08216e-03
    3.15600e-02    3.22000e+00    6.89946e-02
    3.15600e-02    9.02000e+00    6.28378e-01
    3.15600e-02    9.04000e+00    6.30655e-01
    3.15600e-02    1.05400e+01    7.76578e-01
    3.19700e-02    5.10000e+00    4.00029e-01
    3.19700e-02    6.26000e+00    5.65618e-01
    3.19700e-02    6.38000e+00    5.56833e-01
    3.19700e-02    6.78000e+00    5.24119e-01
    3.19700e-02    1.31000e+01    8.63777e-01
    3.23800e-02    3.32000e+00    1.09298e-01
    3.23800e-02    3.80000e+00    2.47450e-01
    3.23800e-02    6.72000e+00    5.29025e-01
    3.23800e-02    1.05600e+01    7.78211e-01
    3.23800e-02    1.22600e+01    8.52935e-01
    3.27900e-02    2.68000e+00    1.31127e-01
    3.27900e-02    5.92000e+00    5.76171e-01
    3.27900e-02    8.38000e+00    5.58951e-01
    3.27900e-02    8.62000e+00    5.84057e-01
    3.27900e-02    9.88000e+00    7.21032e-01
    3.27900e-02    9.98000e+00    7.30479e-01
    3.27900e-02    1.00200e+01    7.34163e-01
    3.27900e-02    1.06400e+01    7.83907e-01
    3.27900e-02    1.22600e+01    8.52997e-01
    3.32000e-02    2.32000e+00    4.71556e-03
    3.32000e-02    5.62000e+00    5.51128e-01
    3.32000e-02    5.84000e+00    5.73624e-01
    3.32000e-02    6.76000e+00    5.26595e-01
    3.32000e-02    7.38000e+00    5.01471e-01
    3.32000e-02    7.72000e+00    5.09285e-01
    3.32000e-02    9.08000e+00    6.35928e-01
    3.36100e-02    1.50000e+00    2.64574e-01
    3.36100e-02    1.74000e+00    1.94121e-01
    3.36100e-02    1.86000e+00    4.16790e-02
    3.36100e-02    5.00000e+00    3.61409e-01
    3.36100e-02    5.06000e+00    3.85804e-01
    3.36100e-02    5.32000e+00    4.80718e-01
    3.36100e-02    6.48000e+00    5.49897e-01
    3.36100e-02    7.62000e+00    5.05766e-01
    3.36100e-02    1.03800e+01    7.64950e-01
    3.36100e-02    1.07200e+01    7.89472e-01
    3.40200e-02    4.54000e+00    2.05408e-01
    3.40200e-02    5.54000e+00    5.37618e-01
    3.40200e-02    7.14000e+00    5.06004e-01
    3.40200e-02    7.54000e+00    5.03911e-01
    3.40200e-02    7.98000e+00    5.25043e-01
    3.40200e-02    9.94000e+00    7.27096e-01
    3.44300e-02    2.46000e+00    4.28718e-02
    3.44300e-02    3.92000e+00    2.41194e-01
    3.44300e-02    6.50000e+00    5.48819e-01
    3.44300e-02    1.11800e+01    8.16213e-01
    3.48400e-02    1.20000e+00    1.54081e-01
    3.48400e-02    5.08000e+00    3.95149e-01
    3.48400e-02    5.88000e+00    5.76588e-01
    3.48400e-02    6.18000e+00    5.72521e-01
    3.48400e-02    8.56000e+00    5.78742e-01
    3.48400e-02    8.92000e+00    6.18556e-01
    3.48400e-02    9.72000e+00    7.05905e-01
    3.48400e-02    1.01200e+01    7.43676e-01
    3.52500e-02    3.50000e+00    1.87384e-01
    3.52500e-02    3.64000e+00    2.33072e-01
    3.52500e-02    4.68000e+00    2.42510e-01
    3.52500e-02    9.20000e+00    6.50337e-01
    3.52500e-02    1.08600e+01    7.98664e-01
    3.52500e-02    1.13800e+01    8.25702e-01
    3.56600e-02    8.08000e+00    5.33714e-01
    3.56600e-02    9.46000e+00    6.79085e-01
    3.56600e-02    9.72000e+00    7.06182e-01
    3.56600e-02    1.26000e+01    8.59308e-01
    3.60700e-02    2.74000e+00    1.25345e-01
    3.60700e-02    3.30000e+00    9.49581e-02
    3.60700e-02    6.02000e+00    5.78838e-01
    3.60700e-02    6.86000e+00    5.21695e-01
    3.60700e-02    8.00000e+00    5.27908e-01
    3.60700e-02    8.54000e+00    5.77332e-01
    3.60700e-02    8.68000e+00    5.92404e-01
    3.60700e-02    1.14400e+01    8.28399e-01
    3.64800e-02    4.28000e+00    1.93458e-01
    3.64800e-02    5.18000e+00    4.35415e-01
    3.64800e-02    6.74000e+00    5.30614e-01
    3.68900e-02    3.98000e+00    2.37242e-01
    3.68900e-02    4.48000e+00    2.00232e-01
    3.68900e-02    6.02000e+00    5.79382e-01
    3.68900e-02    7.44000e+00    5.04598e-01
    3.68900e-02    7.54000e+00    5.06100e-01
    3.68900e-02    7.90000e+00    5.21686e-01
    3.68900e-02    8.42000e+00    5.65441e-01
    3.68900e-02    8.82000e+00    6.08345e-01
    3.68900e-02    1.02400e+01    7.54468e-01
    3.73000e-02    2.84000e+00    9.26589e-02
    3.73000e-02    4.22000e+00    2.00434e-01
    3.73000e-02    5.06000e+00    3.89824e-01
    3.73000e-02    6.26000e+00    5.69424e-01
    3.73000e-02    6.70000e+00    5.34325e-01
    3.73000e-02    6.76000e+00    5.29696e-01
    3.73000e-02    7.28000e+00    5.05317e-01
    3.73000e-02    7.74000e+00    5.13224e-01
    3.73000e-02    1.00200e+01    7.35452e-01
    3.73000e-02    1.01600e+01    7.47830e-01
    3.73000e-02    1.12800e+01    8.21549e-01
    3.77000e-02    3.38000e+00    1.30197e-01
    3.77000e-02    5.12000e+00    4.13904e-01
    3.77000e-02    7.30000e+00    5.05381e-01
    3.77000e-02    7.82000e+00    5.17552e-01
    3.77000e-02    7.84000e+00    5.18668e-01
    3.77000e-02    8.00000e+00    5.29044e-01
    3.77000e-02    8.38000e+00    5.61962e-01
    3.77000e-02    9.78000e+00    7.12837e-01
    3.81100e-02    3.50000e+00    1.85617e-01
    3.81100e-02    4.28000e+00    1.96567e-01
    3.81100e-02    5.28000e+00    4.72020e-01
    3.81100e-02    6.16000e+00    5.75694e-01
    3.81100e-02    6.74000e+00    5.31788e-01
    3.81100e-02    7.50000e+00    5.06268e-01
    3.81100e-02    7.80000e+00    5.16775e-01
    3.85200e-02    2.96000e+00    4.96229e-02
    3.85200e-02    4.32000e+00    1.95368e-01
    3.85200e-02    5.30000e+00    4.78878e-01
    3.85200e-02    7.46000e+00    5.06029e-01
    3.85200e-02    8.02000e+00    5.31074e-01
    3.85200e-02    8.44000e+00    5.68454e-01
    3.85200e-02    8.66000e+00    5.91587e-01
    3.85200e-02    9.58000e+00    6.92858e-01
    3.85200e-02    9.94000e+00    7.28461e-01
    3.89300e-02    2.52000e+00    7.71943e-02
    3.89300e-02    2.70000e+00    1.29199e-01
    3.89300e-02    3.34000e+00    1.09752e-01
    3.89300e-02    6.78000e+00    5.29378e-01
    3.89300e-02    7.68000e+00    5.11881e-01
    3.89300e-02    8.24000e+00    5.49511e-01
    3.93400e-02    2.44000e+00    3.40511e-02
    3.93400e-02    2.94000e+00    5.50340e-02
    3.93400e-02    3.38000e+00    1.28506e-01
    3.93400e-02    3.98000e+00    2.42203e-01
    3.93400e-02    5.00000e+00    3.67900e-01
    3.93400e-02    7.00000e+00    5.15916e-01
    3.93400e-02    7.88000e+00    5.22203e-01
    3.93400e-02    8.12000e+00    5.39437e-01
    3.93400e-02    1.01800e+01    7.50116e-01
    3.93400e-02    1.05800e+01    7.81190e-01
    3.93400e-02    1.08600e+01    7.99517e-01
    3.93400e-02    1.18800e+01    8.44525e-01
    3.97500e-02    3.44000e+00    1.57264e-01
    3.97500e-02    4.84000e+00    3.04588e-01
    3.97500e-02    5.46000e+00    5.24664e-01
    3.97500e-02    6.58000e+00    5.45797e-01
    3.97500e-02    6.82000e+00    5.27092e-01
    3.97500e-02    7.48000e+00    5.07201e-01
    3.97500e-02    8.96000e+00    6.25497e-01
    4.01600e-02    7.00000e-01    6.82846e-02
    4.01600e-02    3.46000e+00    1.66531e-01
    4.01600e-02    3.96000e+00    2.46833e-01
    4.01600e-02    4.12000e+00    2.20539e-01
    4.01600e-02    6.40000e+00    5.60926e-01
    4.01600e-02    8.06000e+00    5.35229e-01
    4.01600e-02    9.10000e+00    6.41378e-01
    4.01600e-02    1.01200e+01    7.45199e-01
    4.01600e-02    1.07200e+01    7.90895e-01
    4.01600e-02    1.25000e+01    8.58504e-01
    4.05700e-02    3.62000e+00    2.30065e-01
    4.05700e-02    3.90000e+00    2.54796e-01
    4.05700e-02    4.92000e+00    3.37059e-01
    4.05700e-02    5.20000e+00    4.46687e-01
    4.05700e-02    6.12000e+00    5.78900e-01
    4.05700e-02    7.02000e+00    5.15822e-01
    4.05700e-02    8.70000e+00    5.97092e-01
    4.05700e-02    1.07400e+01    7.92283e-01
    4.09800e-02    2.68000e+00    1.28580e-01
    4.09800e-02    2.78000e+00    1.11417e-01
    4.09800e-02    3.52000e+00    1.93428e-01
    4.09800e-02    5.98000e+00    5.82105e-01
    4.09800e-02    6.06000e+00    5.81056e-01
    4.09800e-02    6.12000e+00    5.79131e-01
    4.09800e-02    6.78000e+00    5.30782e-01
    4.09800e-02    7.62000e+00    5.11285e-01
    4.13900e-02    2.68000e+00    1.28314e-01
    4.13900e-02    5.74000e+00    5.71847e-01
    4.13900e-02    6.00000e+00    5.82243e-01
    4.13900e-02    7.82000e+00    5.20219e-01
    4.13900e-02    8.00000e+00    5.31618e-01
    4.13900e-02    1.02400e+01    7.55731e-01
    4.13900e-02    1.12200e+01    8.19486e-01
    4.18000e-02    3.78000e+00    2.59905e-01
    4.18000e-02    4.00000e+00    2.44287e-01
    4.18000e-02    4.50000e+00    2.11212e-01
    4.18000e-02    4.52000e+00    2.14292e-01
    4.18000e-02    5.64000e+00    5.60271e-01
    4.18000e-02    6.34000e+00    5.66503e-01
    4.18000e-02    8.70000e+00    5.97797e-01
    4.18000e-02    8.72000e+00    5.99975e-01
    4.18000e-02    9.12000e+00    6.44399e-01
    4.18000e-02    1.01000e+01    7.43959e-01
    4.18000e-02    1.04600e+01    7.73125e-01
    4.18000e-02    1.05400e+01    7.78965e-01
    4.22100e-02    1.96000e+00    8.04362e-02
    4.22100e-02    4.90000e+00    3.31107e-01
    4.22100e-02    5.02000e+00    3.79166e-01
    4.22100e-02    5.38000e+00    5.05844e-01
    4.22100e-02    5.80000e+00    5.77123e-01
    4.22100e-02    6.96000e+00    5.20057e-01
    4.22100e-02    1.27800e+01    8.62589e-01
    4.26200e-02    1.92000e+00    5.21616e-02
    4.26200e-02    2.68000e+00    1.27431e-01
    4.26200e-02    5.06000e+00    3.95531e-01
    4.26200e-02    5.28000e+00    4.75943e-01
    4.26200e-02    7.18000e+00    5.11304e-01
    4.26200e-02    8.60000e+00    5.87530e-01
    4.26200e-02    9.74000e+00    7.10638e-01
    4.26200e-02    1.09400e+01    8.04958e-01
    4.30300e-02    2.10000e+00    8.32119e-02
    4.30300e-02    4.60000e+00    2.32341e-01
    4.30300e-02    7.76000e+00    5.18350e-01
    4.30300e-02    7.84000e+00    5.22512e-01
    4.30300e-02    9.56000e+00    6.92543e-01
    4.34400e-02    2.10000e+00    8.31285e-02
    4.34400e-02    2.20000e+00    3.95872e-02
    4.34400e-02    2.98000e+00    4.30902e-02
    4.34400e-02    4.32000e+00    2.04828e-01
    4.34400e-02    4.52000e+00    2.17054e-01
    4.34400e-02    4.94000e+00    3.48499e-01
    4.34400e-02    5.40000e+00    5.12188e-01
    4.34400e-02    5.80000e+00    5.77754e-01
    4.34400e-02    5.96000e+00    5.83315e-01
    4.34400e-02    7.38000e+00    5.09241e-01
    4.34400e-02    8.68000e+00    5.96575e-01
    4.34400e-02    1.03400e+01    7.64385e-01
    4.34400e-02    1.13600e+01    8.26334e-01
    4.38500e-02    2.92000e+00    5.97888e-02
    4.38500e-02    5.14000e+00    4.27684e-01
    4.38500e-02    5.34000e+00    4.95582e-01
    4.38500e-02    7.54000e+00    5.11288e-01
    4.38500e-02    7.56000e+00    5.11741e-01
    4.38500e-02    8.32000e+00    5.60111e-01
    4.38500e-02    9.40000e+00    6.76012e-01
    4.38500e-02    9.86000e+00    7.22732e-01
    4.42600e-02    2.40000e+00    1.82240e-02
    4.42600e-02    2.52000e+00    7.80127e-02
    4.42600e-02    2.82000e+00    9.54419e-02
    4.42600e-02    4.20000e+00    2.17156e-01
    4.42600e-02    4.78000e+00    2.88406e-01
    4.42600e-02    6.38000e+00    5.64790e-01
    4.42600e-02    6.46000e+00    5.58426e-01
    4.42600e-02    1.18200e+01    8.43560e-01
    4.46700e-02    3.58000e+00    2.19077e-01
    4.46700e-02    3.66000e+00    2.45034e-01
    4.46700e-02    3.78000e+00    2.64817e-01
    4.46700e-02    4.62000e+00    2.39800e-01
    4.46700e-02    4.82000e+00    3.03486e-01
    4.46700e-02    5.38000e+00    5.07625e-01
    4.46700e-02    5.60000e+00    5.55815e-01
    4.46700e-02    5.78000e+00    5.76929e-01
    4.46700e-02    6.26000e+00    5.73574e-01
    4.46700e-02    6.34000e+00    5.68022e-01
    4.46700e-02    7.14000e+00    5.13932e-01
    4.46700e-02    9.00000e+00    6.32493e-01
    4.46700e-02    9.16000e+00    6.50232e-01
    4.46700e-02    1.24000e+01    8.57540e-01
    4.50800e-02    5.32000e+00    4.90490e-01
    4.50800e-02    6.42000e+00    5.62070e-01
    4.50800e-02    6.58000e+00    5.49005e-01
    4.50800e-02    7.94000e+00    5.30096e-01
    4.50800e-02    8.72000e+00    6.01856e-01
    4.50800e-02    9.64000e+00    7.01578e-01
    4.50800e-02    1.01800e+01    7.51846e-01
    4.50800e-02    1.31600e+01    8.66206e-01
    4.54900e-02    4.16000e+00    2.25544e-01
    4.54900e-02    4.36000e+00    2.07965e-01
    4.54900e-02    6.54000e+00    5.52515e-01
    4.54900e-02    9.78000e+00    7.15651e-01
    4.54900e-02    1.13400e+01    8.25869e-01
    4.59000e-02    7.40000e-01    1.05924e-01
    4.59000e-02    1.68000e+00    2.09369e-01
    4.59000e-02    3.86000e+00    2.68285e-01
    4.59000e-02    3.94000e+00    2.61709e-01
    4.59000e-02    4.86000e+00    3.20158e-01
    4.59000e-02    5.64000e+00    5.62500e-01
    4.59000e-02    5.92000e+00    5.83924e-01
    4.59000e-02    6.76000e+00    5.35364e-01
    4.59000e-02    7.42000e+00    5.11150e-01
    4.59000e-02    7.52000e+00    5.12384e-01
    4.59000e-02    8.12000e+00    5.43933e-01
    4.59000e-02    8.18000e+00    5.48915e-01
    4.59000e-02    1.01400e+01    7.48724e-01
    4.59000e-02    1.09000e+01    8.03401e-01
    4.59000e-02    1.25400e+01    8.60033e-01
    4.63100e-02    3.74000e+00    2.63530e-01
    4.63100e-02    5.12000e+00    4.22465e-01
    4.63100e-02    5.98000e+00    5.84614e-01
    4.63100e-02    6.36000e+00    5.67319e-01
    4.63100e-02    6.46000e+00    5.59478e-01
    4.63100e-02    8.34000e+00    5.63621e-01
    4.63100e-02    1.08400e+01    7.99928e-01
    4.67200e-02    1.40000e+00    1.63225e-01
    4.67200e-02    2.26000e+00    1.94064e-02
    4.67200e-02    4.36000e+00    2.10306e-01
    4.67200e-02    5.04000e+00    3.91932e-01
    4.67200e-02    6.02000e+00    5.84486e-01
    4.67200e-02    6.48000e+00    5.58062e-01
    4.67200e-02    6.72000e+00    5.38819e-01
    4.67200e-02    7.26000e+00    5.12514e-01
    4.67200e-02    9.48000e+00    6.85763e-01
    4.67200e-02    1.00000e+01    7.36734e-01
    4.67200e-02    1.18000e+01    8.43373e-01
    4.67200e-02    1.25600e+01    8.60474e-01
    4.71300e-02    5.92000e+00    5.84407e-01
    4.71300e-02    6.16000e+00    5.80280e-01
    4.71300e-02    9.00000e+00    6.33802e-01
    4.71300e-02    1.01000e+01    7.45696e-01
    4.71300e-02    1.11600e+01    8.17759e-01
    4.71300e-02    1.13400e+01    8.26210e-01
    4.75400e-02    2.48000e+00    5.61015e-02
    4.75400e-02    4.12000e+00    2.36482e-01
    4.75400e-02    9.90000e+00    7.27866e-01
    4.79500e-02    5.56000e+00    5.50652e-01
    4.79500e-02    6.76000e+00    5.36557e-01
    4.79500e-02    7.04000e+00    5.19944e-01
    4.79500e-02    9.64000e+00    7.02770e-01
    4.83600e-02    4.44000e+00    2.16163e-01
    4.83600e-02    4.88000e+00    3.30893e-01
    4.83600e-02    5.56000e+00    5.50846e-01
    4.83600e-02    7.30000e+00    5.13148e-01
    4.83600e-02    8.60000e+00    5.91031e-01
    4.83600e-02    9.88000e+00    7.26295e-01
    4.83600e-02    1.00800e+01    7.44388e-01
    4.87700e-02    2.92000e+00    5.91364e-02
    4.87700e-02    2.98000e+00    4.29563e-02
    4.87700e-02    3.76000e+00    2.70495e-01
    4.87700e-02    5.04000e+00    3.94022e-01
    4.87700e-02    5.70000e+00    5.71282e-01
    4.87700e-02    5.86000e+00    5.83209e-01
    4.87700e-02    6.18000e+00    5.79931e-01
    4.87700e-02    6.58000e+00    5.50936e-01
    4.87700e-02    8.14000e+00    5.47552e-01
    4.91800e-02    3.24000e+00    6.00638e-02
    4.91800e-02    4.46000e+00    2.19322e-01
    4.91800e-02    4.92000e+00    3.47354e-01
    4.91800e-02    5.46000e+00    5.30677e-01
    4.91800e-02    8.10000e+00    5.44618e-01
    4.91800e-02    9.02000e+00    6.37131e-01
    4.91800e-02    9.08000e+00    6.43743e-01
    4.91800e-02    9.42000e+00    6.80572e-01
    4.91800e-02    1.02200e+01    7.56513e-01
    4.95900e-02    4.46000e+00    2.20045e-01
    4.95900e-02    5.86000e+00    5.83484e-01
    4.95900e-02    6.22000e+00    5.78064e-01
    4.95900e-02    6.50000e+00    5.57801e-01
    4.95900e-02    7.00000e+00    5.22830e-01
    4.95900e-02    7.44000e+00    5.13935e-01
    4.95900e-02    8.72000e+00    6.04538e-01
    4.95900e-02    1.01000e+01    7.46554e-01
    4.95900e-02    1.01600e+01    7.51663e-01
    4.95900e-02    1.11400e+01    8.17322e-01
    5.00000e-02    2.12000e+00    8.03465e-02
    5.00000e-02    2.86000e+00    7.88158e-02
    5.00000e-02    3.94000e+00    2.70737e-01
    5.00000e-02    5.64000e+00    5.64282e-01
    5.00000e-02    7.26000e+00    5.14781e-01
    5.00000e-02    8.84000e+00    6.17808e-01
    5.00000e-02    9.66000e+00    7.05649e-01
    5.04100e-02    2.76000e+00    1.09077e-01
    5.04100e-02    4.12000e+00    2.42683e-01
    5.04100e-02    7.52000e+00    5.15634e-01
    5.04100e-02    7.58000e+00    5.17004e-01
    5.04100e-02    9.62000e+00    7.01803e-01
    5.04100e-02    9.74000e+00    7.13720e-01
    5.08200e-02    1.72000e+00    1.93679e-01
    5.08200e-02    2.74000e+00    1.13001e-01
    5.08200e-02    3.56000e+00    2.16257e-01
    5.08200e-02    4.84000e+00    3.18873e-01
    5.08200e-02    5.16000e+00    4.41230e-01
    5.08200e-02    5.32000e+00    4.94400e-01
    5.08200e-02    6.44000e+00    5.63101e-01
    5.08200e-02    7.54000e+00    5.16333e-01
    5.08200e-02    8.66000e+00    5.98894e-01
    5.08200e-02    9.08000e+00    6.44618e-01
    5.12300e-02    6.80000e-01    6.50167e-02
    5.12300e-02    2.76000e+00    1.08402e-01
    5.12300e-02    5.06000e+00    4.04162e-01
    5.12300e-02    1.02800e+01    7.62071e-01
    5.16400e-02    3.44000e+00    1.56333e-01
    5.16400e-02    4.16000e+00    2.38604e-01
    5.16400e-02    7.66000e+00    5.20401e-01
    5.16400e-02    8.44000e+00    5.76830e-01
    5.16400e-02    8.88000e+00    6.23144e-01
    5.20500e-02    3.78000e+00    2.78980e-01
    5.20500e-02    5.24000e+00    4.69932e-01
    5.20500e-02    7.08000e+00    5.20911e-01
    5.20500e-02    8.70000e+00    6.03915e-01
    5.20500e-02    1.10400e+01    8.12744e-01
    5.24600e-02    1.18000e+00    2.94964e-01
    5.24600e-02    1.98000e+00    6.82245e-02
    5.24600e-02    2.06000e+00    9.09344e-02
    5.24600e-02    5.26000e+00    4.76761e-01
    5.24600e-02    5.46000e+00    5.32250e-01
    5.24600e-02    6.84000e+00    5.33568e-01
    5.24600e-02    9.06000e+00    6.43336e-01
    5.24600e-02    9.50000e+00    6.90484e-01
    5.24600e-02    1.07400e+01    7.95368e-01
    5.24600e-02    1.14800e+01    8.33211e-01
    5.28700e-02    5.54000e+00    5.49052e-01
    5.28700e-02    7.74000e+00    5.24547e-01
    5.32800e-02    1.96000e+00    5.56537e-02
    5.32800e-02    3.20000e+00    4.72019e-02
    5.32800e-02    3.72000e+00    2.72741e-01
    5.32800e-02    4.26000e+00    2.28484e-01
    5.32800e-02    4.78000e+00    3.00612e-01
    5.32800e-02    7.72000e+00    5.23960e-01
    5.32800e-02    9.36000e+00    6.76217e-01
    5.32800e-02    1.15800e+01    8.37210e-01
    5.32800e-02    1.23600e+01    8.58256e-01
    5.36900e-02    3.36000e+00    1.13953e-01
    5.36900e-02    4.58000e+00    2.44989e-01
    5.36900e-02    6.36000e+00    5.70210e-01
    5.36900e-02    7.74000e+00    5.25141e-01
    5.36900e-02    7.86000e+00    5.31335e-01
    5.36900e-02    8.40000e+00    5.74302e-01
    5.36900e-02    9.08000e+00    6.46209e-01
    5.36900e-02    1.14600e+01    8.32686e-01
    5.41000e-02    2.42000e+00    2.64628e-02
    5.41000e-02    4.88000e+00    3.37747e-01
    5.41000e-02    6.42000e+00    5.65872e-01
    5.41000e-02    7.90000e+00    5.34017e-01
    5.41000e-02    9.20000e+00    6.59489e-01
    5.41000e-02    1.04400e+01    7.75308e-01
    5.45100e-02    2.20000e+00    5.33000e-02
    5.45100e-02    5.60000e+00    5.59885e-01
    5.45100e-02    5.90000e+00    5.86099e-01
    5.45100e-02    6.02000e+00    5.86812e-01
    5.45100e-02    6.40000e+00    5.67523e-01
    5.45100e-02    6.90000e+00    5.31014e-01
    5.45100e-02    9.96000e+00    7.36072e-01
    5.45100e-02    1.13400e+01    8.27842e-01
    5.49200e-02    3.28000e+00    7.56279e-02
    5.49200e-02    4.74000e+00    2.89518e-01
    5.49200e-02    5.00000e+00    3.84553e-01
    5.49200e-02    5.30000e+00    4.90760e-01
    5.49200e-02    7.16000e+00    5.20108e-01
    5.49200e-02    1.05200e+01    7.81356e-01
    5.49200e-02    1.22400e+01    8.56226e-01
    5.53300e-02    1.56000e+00    6.80677e-02
    5.53300e-02    3.22000e+00    5.33698e-02
    5.53300e-02    3.60000e+00    2.39437e-01
    5.53300e-02    5.02000e+00    3.92620e-01
    5.53300e-02    5.68000e+00    5.71008e-01
    5.53300e-02    7.08000e+00    5.22917e-01
    5.53300e-02    8.18000e+00    5.55480e-01
    5.53300e-02    9.52000e+00    6.93925e-01
    5.57400e-02    7.50000e+00    5.19028e-01
    5.57400e-02    8.48000e+00    5.83545e-01
    5.57400e-02    9.58000e+00    7.00219e-01
    5.57400e-02    1.01800e+01    7.55565e-01
    5.57400e-02    1.07800e+01    7.98817e-01
    5.61500e-02    4.98000e+00    3.78062e-01
    5.61500e-02    5.42000e+00    5.24297e-01
    5.61500e-02    6.42000e+00    5.66531e-01
    5.61500e-02    7.60000e+00    5.21655e-01
    5.61500e-02    9.44000e+00    6.86077e-01
    5.61500e-02    1.16600e+01    8.40661e-01
    5.65600e-02    3.08000e+00    3.33951e-02
    5.65600e-02    3.36000e+00    1.15304e-01
    5.65600e-02    5.12000e+00    4.31171e-01
    5.65600e-02    7.16000e+00    5.21124e-01
    5.65600e-02    7.96000e+00    5.39657e-01
    5.65600e-02    9.00000e+00    6.39143e-01
    5.65600e-02    9.36000e+00    6.77908e-01
    5.69700e-02    1.66000e+00    1.65852e-01
    5.69700e-02    6.02000e+00    5.87251e-01
    5.69700e-02    6.52000e+00    5.59110e-01
    5.69700e-02    7.56000e+00    5.21149e-01
    5.69700e-02    8.16000e+00    5.54981e-01
    5.69700e-02    8.46000e+00    5.82386e-01
    5.73800e-02    2.20000e+00    5.66579e-02
    5.73800e-02    3.54000e+00    2.14942e-01
    5.73800e-02    3.66000e+00    2.64878e-01
    5.73800e-02    4.88000e+00    3.41460e-01
    5.73800e-02    1.04800e+01    7.79319e-01
    5.73800e-02    1.16600e+01    8.40934e-01
    5.73800e-02    1.23600e+01    8.59005e-01
    5.73800e-02    1.25600e+01    8.62264e-01
    5.77900e-02    2.10000e+00    9.58805e-02
    5.77900e-02    5.82000e+00    5.83398e-01
    5.77900e-02    5.86000e+00    5.85311e-01
    5.77900e-02    7.38000e+00    5.19257e-01
    5.77900e-02    7.46000e+00    5.19850e-01
    5.82000e-02    2.82000e+00    9.03080e-02
    5.82000e-02    3.74000e+00    2.86092e-01
    5.82000e-02    8.60000e+00    5.97383e-01
    5.82000e-02    1.17400e+01    8.43759e-01
    5.86100e-02    4.48000e+00    2.37354e-01
    5.86100e-02    6.02000e+00    5.87474e-01
    5.86100e-02    7.22000e+00    5.21058e-01
    5.86100e-02    8.04000e+00    5.46774e-01
    5.86100e-02    9.40000e+00    6.83179e-01
    5.86100e-02    1.08800e+01    8.05637e-01
    5.90200e-02    2.30000e+00    1.29286e-02
    5.90200e-02    6.96000e+00    5.30198e-01
    5.90200e-02    8.12000e+00    5.53208e-01
    5.90200e-02    9.52000e+00    6.95774e-01
    5.94300e-02    3.60000e+00    2.46120e-01
    5.94300e-02    4.02000e+00    2.79181e-01
    5.94300e-02    8.78000e+00    6.17144e-01
    5.98400e-02    4.14000e+00    2.58360e-01
    5.98400e-02    4.24000e+00    2.43096e-01
    5.98400e-02    5.20000e+00    4.61421e-01
    5.98400e-02    5.24000e+00    4.74586e-01
    5.98400e-02    6.36000e+00    5.71867e-01
    5.98400e-02    7.06000e+00    5.26274e-01
    6.02500e-02    3.74000e+00    2.90182e-01
    6.02500e-02    3.94000e+00    2.92677e-01
    6.02500e-02    5.82000e+00    5.83656e-01
    6.02500e-02    7.28000e+00    5.21240e-01
    6.02500e-02    1.05000e+01    7.81736e-01
    6.06600e-02    5.00000e+00    3.89767e-01
    6.06600e-02    6.86000e+00    5.36442e-01
    6.06600e-02    7.52000e+00    5.22812e-01
    6.06600e-02    8.88000e+00    6.28666e-01
    6.06600e-02    1.09200e+01    8.08520e-01
    6.06600e-02    1.18000e+01    8.46155e-01
    6.06600e-02    1.29000e+01    8.66811e-01
    6.10700e-02    3.08000e+00    3.65801e-02
    6.10700e-02    4.66000e+00    2.74547e-01
    6.10700e-02    6.74000e+00    5.44278e-01
    6.10700e-02    7.42000e+00    5.21655e-01
    6.10700e-02    7.94000e+00    5.41611e-01
    6.10700e-02    1.02200e+01    7.60883e-01
    6.14800e-02    4.46000e+00    2.40075e-01
    6.14800e-02    5.64000e+00    5.67012e-01
    6.14800e-02    6.20000e+00    5.81925e-01
    6.14800e-02    7.58000e+00    5.24831e-01
    6.14800e-02    8.46000e+00    5.85514e-01
    6.14800e-02    1.07400e+01    7.98108e-01
    6.18900e-02    4.68000e+00    2.80977e-01
    6.18900e-02    9.30000e+00    6.74486e-01
    6.23000e-02    2.30000e+00    1.33550e-02
    6.23000e-02    2.62000e+00    9.94712e-02
    6.23000e-02    5.98000e+00    5.88000e-01
    6.23000e-02    6.28000e+00    5.77569e-01
    6.23000e-02    6.62000e+00    5.53278e-01
    6.23000e-02    7.70000e+00    5.29587e-01
    6.23000e-02    7.92000e+00    5.41222e-01
    6.23000e-02    8.48000e+00    5.88059e-01
    6.23000e-02    8.94000e+00    6.36183e-01
    6.23000e-02    9.32000e+00    6.76825e-01
    6.23000e-02    1.09600e+01    8.11237e-01
    6.27000e-02    3.12000e+00    3.85614e-02
    6.27000e-02    4.06000e+00    2.78313e-01
    6.27000e-02    6.74000e+00    5.44920e-01
    6.27000e-02    9.24000e+00    6.68604e-01
    6.27000e-02    1.03600e+01    7.72412e-01
    6.31100e-02    5.06000e+00    4.13975e-01
    6.31100e-02    6.84000e+00    5.38727e-01
    6.31100e-02    7.40000e+00    5.22862e-01
    6.31100e-02    8.18000e+00    5.61077e-01
    6.31100e-02    9.06000e+00    6.49608e-01
    6.35200e-02    7.18000e+00    5.24816e-01
    6.35200e-02    7.38000e+00    5.23032e-01
    6.35200e-02    8.62000e+00    6.03078e-01
    6.35200e-02    8.94000e+00    6.36953e-01
    6.35200e-02    1.15200e+01    8.37294e-01
    6.39300e-02    3.42000e+00    1.56622e-01
    6.39300e-02    4.10000e+00    2.73075e-01
    6.39300e-02    4.94000e+00    3.70212e-01
    6.39300e-02    6.26000e+00    5.78961e-01
    6.39300e-02    6.82000e+00    5.40280e-01
    6.39300e-02    7.90000e+00    5.41164e-01
    6.43400e-02    2.40000e+00    1.76771e-02
    6.43400e-02    2.84000e+00    8.75739e-02
    6.43400e-02    5.64000e+00    5.67220e-01
    6.43400e-02    5.96000e+00    5.87978e-01
    6.43400e-02    7.30000e+00    5.23648e-01
    6.47500e-02    2.18000e+00    7.55335e-02
    6.47500e-02    5.00000e+00    3.93080e-01
    6.47500e-02    5.78000e+00    5.81294e-01
    6.47500e-02    6.82000e+00    5.40609e-01
    6.51600e-02    5.80000e+00    5.82618e-01
    6.51600e-02    6.70000e+00    5.48529e-01
    6.51600e-02    9.68000e+00    7.14788e-01
    6.51600e-02    1.09200e+01    8.09896e-01
    6.55700e-02    5.70000e+00    5.74318e-01
    6.55700e-02    6.10000e+00    5.86233e-01
    6.55700e-02    7.68000e+00    5.31104e-01
    6.55700e-02    9.30000e+00    6.76621e-01
    6.55700e-02    9.46000e+00    6.93156e-01
    6.55700e-02    1.01800e+01    7.59508e-01
    6.55700e-02    1.11000e+01    8.19519e-01
    6.59800e-02    3.50000e+00    2.06663e-01
    6.59800e-02    8.30000e+00    5.73631e-01
    6.59800e-02    9.26000e+00    6.72662e-01
    6.59800e-02    1.13000e+01    8.28996e-01
    6.63900e-02    3.98000e+00    2.98715e-01
    6.63900e-02    7.26000e+00    5.25238e-01
    6.63900e-02    1.09600e+01    8.12479e-01
    6.63900e-02    1.12200e+01    8.25510e-01
    6.68000e-02    2.74000e+00    1.03345e-01
    6.68000e-02    3.38000e+00    1.36972e-01
    6.68000e-02    4.22000e+00    2.57466e-01
    6.68000e-02    5.08000e+00    4.23620e-01
    6.68000e-02    6.36000e+00    5.73047e-01
    6.68000e-02    7.16000e+00    5.27138e-01
    6.68000e-02    7.88000e+00    5.42045e-01
    6.68000e-02    1.03200e+01    7.71007e-01
    6.72100e-02    3.32000e+00    1.04255e-01
    6.72100e-02    3.52000e+00    2.19959e-01
    6.72100e-02    4.84000e+00    3.37365e-01
    6.72100e-02    5.04000e+00    4.09470e-01
    6.76200e-02    4.80000e+00    3.24259e-01
    6.76200e-02    5.80000e+00    5.82520e-01
    6.76200e-02    7.26000e+00    5.25972e-01
    6.76200e-02    8.78000e+00    6.22618e-01
    6.76200e-02    1.30200e+01    8.68956e-01
    6.80300e-02    4.28000e+00    2.52125e-01
    6.80300e-02    6.36000e+00    5.73188e-01
    6.80300e-02    7.14000e+00    5.28295e-01
    6.80300e-02    7.72000e+00    5.34549e-01
    6.80300e-02    8.68000e+00    6.12424e-01
    6.80300e-02    1.01600e+01    7.58950e-01
    6.84400e-02    6.90000e+00    5.37699e-01
    6.84400e-02    9.44000e+00    6.92750e-01
    6.88500e-02    9.72000e+00    7.20533e-01
    6.92600e-02    3.38000e+00    1.40537e-01
    6.96700e-02    5.56000e+00    5.55370e-01
    6.96700e-02    6.72000e+00    5.48671e-01
    6.96700e-02    1.17000e+01    8.45062e-01
    7.00800e-02    2.50000e+00    5.10973e-02
    7.00800e-02    4.38000e+00    2.49791e-01
    7.00800e-02    6.48000e+00    5.65276e-01
    7.00800e-02    7.72000e+00    5.36022e-01
    7.00800e-02    9.90000e+00    7.37735e-01
    7.00800e-02    1.19200e+01    8.51661e-01
    7.04900e-02    2.60000e+00    8.48887e-02
    7.04900e-02    3.36000e+00    1.30762e-01
    7.04900e-02    8.48000e+00    5.93960e-01
    7.04900e-02    1.12200e+01    8.26675e-01
    7.09000e-02    3.02000e+00    5.40547e-02
    7.09000e-02    5.74000e+00    5.77803e-01
    7.09000e-02    6.14000e+00    5.84854e-01
    7.09000e-02    1.12000e+01    8.25896e-01
    7.13100e-02    3.64000e+00    2.83770e-01
    7.13100e-02    6.96000e+00    5.36110e-01
    7.13100e-02    7.96000e+00    5.50496e-01
    7.17200e-02    6.78000e+00    5.45607e-01
    7.21300e-02    1.56000e+00    3.96368e-02
    7.21300e-02    2.50000e+00    4.89464e-02
    7.21300e-02    8.58000e+00    6.05125e-01
    7.21300e-02    9.76000e+00    7.26028e-01
    7.25400e-02    7.82000e+00    5.42817e-01
    7.25400e-02    8.36000e+00    5.84015e-01
    7.25400e-02    8.64000e+00    6.11536e-01
    7.29500e-02    5.06000e+00    4.19926e-01
    7.29500e-02    8.02000e+00    5.55920e-01
    7.33600e-02    2.16000e+00    9.27861e-02
    7.33600e-02    4.52000e+00    2.62793e-01
    7.33600e-02    4.78000e+00    3.23402e-01
    7.33600e-02    9.92000e+00    7.41160e-01
    7.37700e-02    6.86000e+00    5.41885e-01
    7.37700e-02    1.03200e+01    7.73948e-01
    7.37700e-02    1.10800e+01    8.21037e-01
    7.41800e-02    6.74000e+00    5.48787e-01
    7.41800e-02    9.68000e+00    7.19631e-01
    7.41800e-02    1.06400e+01    7.96294e-01
    7.41800e-02    1.10800e+01    8.21174e-01
    7.41800e-02    1.14000e+01    8.35440e-01
    7.45900e-02    1.62000e+00    4.77678e-02
    7.45900e-02    2.54000e+00    6.10998e-02
    7.45900e-02    2.64000e+00    9.15433e-02
    7.45900e-02    3.94000e+00    3.16936e-01
    7.45900e-02    3.98000e+00    3.11080e-01
    7.45900e-02    7.88000e+00    5.47813e-01
    7.50000e-02    5.34000e+00    5.08171e-01
    7.50000e-02    7.94000e+00    5.51930e-01
    7.50000e-02    1.07800e+01    8.05182e-01
    7.54100e-02    5.96000e+00    5.87047e-01
    7.54100e-02    1.15400e+01    8.41070e-01
    7.58200e-02    4.02000e+00    3.05689e-01
    7.58200e-02    4.90000e+00    3.65293e-01
    7.58200e-02    5.16000e+00    4.55019e-01
    7.58200e-02    6.22000e+00    5.81310e-01
    7.58200e-02    6.52000e+00    5.63390e-01
    7.58200e-02    8.04000e+00    5.59564e-01
    7.58200e-02    8.46000e+00    5.96009e-01
    7.58200e-02    9.12000e+00    6.64205e-01
    7.58200e-02    1.19800e+01    8.54518e-01
    7.62300e-02    1.04000e+00    2.62696e-01
    7.62300e-02    7.38000e+00    5.31106e-01
    7.62300e-02    8.56000e+00    6.06178e-01
    7.62300e-02    9.52000e+00    7.05344e-01
    7.66400e-02    6.40000e+00    5.71274e-01
    7.66400e-02    9.16000e+00    6.68948e-01
    7.70500e-02    4.52000e+00    2.66964e-01
    7.70500e-02    8.68000e+00    6.18970e-01
    7.74600e-02    2.24000e+00    3.84919e-02
    7.78700e-02    4.92000e+00    3.73564e-01
    7.78700e-02    7.70000e+00    5.40727e-01
    7.82800e-02    6.24000e+00    5.80238e-01
    7.82800e-02    1.04000e+01    7.81774e-01
    7.86900e-02    3.30000e+00    1.11433e-01
    7.86900e-02    4.30000e+00    2.63740e-01
    7.86900e-02    6.48000e+00    5.66333e-01
    7.86900e-02    8.62000e+00    6.14075e-01
    7.86900e-02    8.92000e+00    6.45181e-01
    7.86900e-02    1.08800e+01    8.12239e-01
    7.91000e-02    4.94000e+00    3.81207e-01
    7.91000e-02    5.88000e+00    5.84666e-01
    7.91000e-02    7.72000e+00    5.42524e-01
    7.95100e-02    1.32000e+00    1.73805e-01
    7.95100e-02    3.50000e+00    2.30306e-01
    7.95100e-02    7.38000e+00    5.33152e-01
    7.99200e-02    6.78000e+00    5.48166e-01
    8.03300e-02    5.20000e+00    4.68774e-01
    8.03300e-02    5.40000e+00    5.23057e-01
    8.03300e-02    6.58000e+00    5.60143e-01
    8.03300e-02    7.60000e+00    5.38530e-01
    8.03300e-02    7.86000e+00    5.50908e-01
    8.03300e-02    9.88000e+00    7.41331e-01
    8.07400e-02    6.92000e+00    5.41687e-01
    8.11500e-02    3.92000e+00    3.26768e-01
    8.11500e-02    5.00000e+00    4.02962e-01
    8.11500e-02    6.62000e+00    5.57785e-01
    8.11500e-02    8.62000e+00    6.15957e-01
    8.15600e-02    8.10000e+00    5.68578e-01
    8.19700e-02    4.00000e+00    3.15457e-01
    8.19700e-02    5.42000e+00    5.27470e-01
    8.19700e-02    7.54000e+00    5.37772e-01
    8.19700e-02    8.10000e+00    5.68900e-01
    8.19700e-02    8.34000e+00    5.89447e-01
    8.23800e-02    3.54000e+00    2.57216e-01
    8.23800e-02    7.20000e+00    5.34957e-01
    8.23800e-02    8.40000e+00    5.95354e-01
    8.27900e-02    2.60000e+00    7.66746e-02
    8.27900e-02    4.10000e+00    2.97196e-01
    8.27900e-02    8.28000e+00    5.84664e-01
    8.27900e-02    9.90000e+00    7.44437e-01
    8.32000e-02    2.56000e+00    6.16360e-02
    8.32000e-02    7.86000e+00    5.53071e-01
    8.32000e-02    1.25400e+01    8.66721e-01
    8.32000e-02    1.27000e+01    8.68701e-01
    8.36100e-02    6.28000e+00    5.77941e-01
    8.36100e-02    6.58000e+00    5.60610e-01
    8.36100e-02    6.74000e+00    5.51332e-01
    8.36100e-02    8.20000e+00    5.78364e-01
    8.36100e-02    8.46000e+00    6.02045e-01
    8.40200e-02    6.60000e+00    5.59462e-01
    8.40200e-02    8.34000e+00    5.91064e-01
    8.40200e-02    1.00200e+01    7.55281e-01
    8.40200e-02    1.17600e+01    8.50517e-01
    8.44300e-02    3.56000e+00    2.70550e-01
    8.44300e-02    4.70000e+00    3.09728e-01
    8.52500e-02    7.54000e+00    5.39998e-01
    8.56600e-02    2.56000e+00    6.07958e-02
    8.60700e-02    5.96000e+00    5.84868e-01
    8.64800e-02    8.24000e+00    5.84094e-01
    8.68900e-02    6.24000e+00    5.79469e-01
    8.68900e-02    1.13000e+01    8.35199e-01
    8.73000e-02    7.14000e+00    5.38269e-01
    8.77000e-02    4.72000e+00    3.17376e-01
    8.77000e-02    6.46000e+00    5.68085e-01
    8.81100e-02    8.02000e+00    5.67649e-01
    8.81100e-02    1.13400e+01    8.37210e-01
    8.85200e-02    6.78000e+00    5.50535e-01
    8.85200e-02    9.20000e+00    6.81329e-01
    8.89300e-02    8.56000e+00    6.16075e-01
    8.97500e-02    2.80000e+00    1.24805e-01
    9.01600e-02    6.80000e+00    5.50046e-01
    9.09800e-02    9.84000e+00    7.43958e-01
    9.13900e-02    2.96000e+00    9.94721e-02
    9.13900e-02    5.00000e+00    4.06776e-01
    9.13900e-02    5.72000e+00    5.71574e-01
    9.13900e-02    9.28000e+00    6.91473e-01
    9.18000e-02    4.98000e+00    4.00309e-01
    9.18000e-02    9.78000e+00    7.39194e-01
    9.18000e-02    1.01200e+01    7.67527e-01
    9.26200e-02    6.42000e+00    5.70347e-01
    9.26200e-02    6.46000e+00    5.68216e-01
    9.26200e-02    7.42000e+00    5.41936e-01
    9.26200e-02    8.26000e+00    5.90832e-01
    9.34400e-02    6.24000e+00    5.78672e-01
    9.46700e-02    8.02000e+00    5.72888e-01
    9.50800e-02    7.36000e+00    5.42478e-01
    9.50800e-02    8.46000e+00    6.11347e-01
    9.59000e-02    6.18000e+00    5.80330e-01
    9.59000e-02    6.96000e+00    5.45979e-01
    9.59000e-02    9.20000e+00    6.86729e-01
    9.67200e-02    6.56000e+00    5.63160e-01
    9.67200e-02    7.14000e+00    5.42923e-01
    9.67200e-02    8.26000e+00    5.94226e-01
    9.67200e-02    8.90000e+00    6.56827e-01
    9.67200e-02    9.14000e+00    6.81306e-01
    9.75400e-02    7.98000e+00    5.72276e-01
    9.75400e-02    9.16000e+00    6.83949e-01
    9.83600e-02    9.54000e+00    7.21614e-01
    9.91800e-02    9.80000e-01    1.97103e-02
    9.91800e-02    2.92000e+00    1.20986e-01
    9.95900e-02    2.42000e+00    1.28084e-02
    1.00410e-01    6.98000e+00    5.47203e-01
    1.01640e-01    7.98000e+00    5.75609e-01
    1.02050e-01    5.22000e+00    4.75906e-01
    1.02050e-01    8.12000e+00    5.86784e-01
    1.02460e-01    4.80000e+00    3.47583e-01
    1.02460e-01    7.58000e+00    5.53319e-01
    1.02460e-01    1.14400e+01    8.45533e-01
    1.02870e-01    7.10000e+00    5.46269e-01
    1.04510e-01    1.66000e+00    1.40652e-01
    1.06150e-01    6.16000e+00    5.79074e-01
    1.06150e-01    7.34000e+00    5.48916e-01
    1.06560e-01    4.66000e+00    3.12564e-01
    1.06970e-01    5.16000e+00    4.59035e-01
    1.07380e-01    4.88000e+00    3.73297e-01
    1.07380e-01    7.10000e+00    5.48398e-01
    1.08610e-01    1.44000e+00    1.84819e-01
    1.08610e-01    3.46000e+00    2.44936e-01
    1.08610e-01    1.08000e+01    8.20069e-01
    1.09430e-01    3.46000e+00    2.45467e-01
    1.13110e-01    5.16000e+00    4.59371e-01
    1.15160e-01    4.78000e+00    3.46454e-01
    1.18030e-01    8.58000e+00    6.42825e-01
    1.19260e-01    7.40000e+00    5.58631e-01
    1.19260e-01    8.88000e+00    6.73648e-01
    1.25000e-01    6.30000e+00    5.73881e-01
    1.27050e-01    5.34000e+00    5.05127e-01
    1.47130e-01    3.36000e+00    2.00456e-01
